strScanMode = 
strWave = 
powervalue = 
pinhole = 0
grating = 
slit = 0
ExpTime = 
unit = 
strCenterWave = 
strStartWave = 
strEndWave = 
totalnum = 1
strInterFlg = 
strIntervaltime = 
intervalnum = 0
haveTitle = false
dataFrom = 0
laserWaveLength = 532.0
pdX = 227.782074,227.984955,228.187805,228.390671,228.593491,228.796326,228.999146,229.201935,229.404724,229.607483,229.810257,230.013000,230.215744,230.418457,230.621170,230.823868,231.026550,231.229233,231.431885,231.634537,231.837158,232.039795,232.242416,232.444992,232.647583,232.850159,233.052719,233.255264,233.457809,233.660309,233.862839,234.065338,234.267807,234.470291,234.672745,234.875198,235.077621,235.280060,235.482468,235.684860,235.887253,236.089615,236.291977,236.494324,236.696655,236.898987,237.101288,237.303589,237.505875,237.708145,237.910400,238.112656,238.314880,238.517105,238.719330,238.921509,239.123703,239.325867,239.528030,239.730164,239.932312,240.134445,240.336533,240.538651,240.740723,240.942795,241.144852,241.346893,241.548935,241.750961,241.952972,242.154953,242.356949,242.558914,242.760880,242.962814,243.164749,243.366684,243.568588,243.770493,243.972366,244.174240,244.376083,244.577942,244.779785,244.981598,245.183411,245.385193,245.586990,245.788742,245.990509,246.192245,246.393997,246.595718,246.797424,246.999115,247.200790,247.402466,247.604126,247.805771,248.007416,248.209030,248.410645,248.612228,248.813812,249.015381,249.216949,249.418503,249.620026,249.821548,250.023041,250.224548,250.426025,250.627502,250.828949,251.030396,251.231842,251.433258,251.634659,251.836044,252.037445,252.238800,252.440170,252.641510,252.842834,253.044174,253.245468,253.446762,253.648041,253.849319,254.050583,254.251816,254.453064,254.654266,254.855484,255.056671,255.257858,255.459015,255.660187,255.861328,256.062469,256.263580,256.464691,256.665771,256.866882,257.067902,257.268982,257.470032,257.671082,257.872101,258.073090,258.274078,258.475067,258.676056,258.877014,259.077911,259.278870,259.479797,259.680695,259.881561,260.082458,260.283325,260.484192,260.685059,260.885864,261.086670,261.287506,261.488281,261.689056,261.889832,262.090576,262.291351,262.492065,262.692780,262.893494,263.094177,263.294861,263.495544,263.696167,263.896820,264.097473,264.298096,264.498688,264.699280,264.899872,265.100433,265.300995,265.501526,265.702057,265.902588,266.103088,266.303558,266.504059,266.704529,266.904999,267.105438,267.305847,267.506256,267.706665,267.907074,268.107452,268.307800,268.508179,268.708527,268.908844,269.109161,269.309448,269.509766,269.710052,269.910309,270.110565,270.310791,270.511047,270.711273,270.911438,271.111633,271.311829,271.511993,271.712158,271.912292,272.112427,272.312531,272.512665,272.712738,272.912811,273.112885,273.312958,273.513000,273.713013,273.913025,274.113037,274.313019,274.513031,274.712952,274.912933,275.112885,275.312805,275.512695,275.712616,275.912506,276.112396,276.312256,276.512085,276.711945,276.911774,277.111603,277.311371,277.511169,277.710968,277.910736,278.110504,278.310211,278.509949,278.709686,278.909393,279.109100,279.308746,279.508423,279.708069,279.907715,280.107330,280.306946,280.506561,280.706146,280.905731,281.105286,281.304840,281.504395,281.703918,281.903412,282.102936,282.302429,282.501923,282.701385,282.900818,283.100250,283.299683,283.499115,283.698517,283.897888,284.097290,284.296661,284.496002,284.695313,284.894653,285.093994,285.293304,285.492584,285.691833,285.891113,286.090363,286.289612,286.488831,286.688049,286.887268,287.086456,287.285645,287.484772,287.683929,287.883087,288.082214,288.281342,288.480408,288.679504,288.878601,289.077667,289.276703,289.475739,289.674774,289.873810,290.072815,290.271759,290.470764,290.669739,290.868683,291.067596,291.266541,291.465454,291.664368,291.863251,292.062103,292.260986,292.459839,292.658691,292.857513,293.056305,293.255127,293.453918,293.652710,293.851440,294.050201,294.248932,294.447693,294.646393,294.845062,295.043762,295.242462,295.441132,295.639740,295.838409,296.037018,296.235657,296.434265,296.632813,296.831421,297.029968,297.228546,297.427063,297.625580,297.824097,298.022614,298.221100,298.419556,298.618042,298.816498,299.014923,299.213379,299.411743,299.610168,299.808563,300.006927,300.205292,300.403625,300.601990,300.800323,300.998627,301.196899,301.395203,301.593475,301.791748,301.989990,302.188232,302.386444,302.584686,302.782898,302.981049,303.179230,303.377411,303.575562,303.773712,303.971802,304.169922,304.368042,304.566132,304.764160,304.962250,305.160309,305.358337,305.556366,305.754364,305.952362,306.150360,306.348358,306.546295,306.744232,306.942200,307.140106,307.338043,307.535919,307.733795,307.931671,308.129547,308.327423,308.525238,308.723053,308.920868,309.118683,309.316437,309.514221,309.712006,309.909760,310.107483,310.305206,310.502899,310.700623,310.898315,311.095947,311.293640,311.491272,311.688934,311.886566,312.084137,312.281738,312.479340,312.676910,312.874481,313.072021,313.269562,313.467102,313.664612,313.862091,314.059570,314.257050,314.454529,314.651978,314.849396,315.046814,315.244232,315.441650,315.639008,315.836395,316.033752,316.231110,316.428467,316.625763,316.823059,317.020386,317.217682,317.414948,317.612183,317.809448,318.006683,318.203918,318.401093,318.598297,318.795502,318.992676,319.189850,319.386963,319.584106,319.781250,319.978363,320.175415,320.372528,320.569611,320.766663,320.963715,321.160736,321.357758,321.554779,321.751770,321.948730,322.145721,322.342682,322.539642,322.736572,322.933472,323.130402,323.327301,323.524200,323.721069,323.917908,324.114777,324.311615,324.508423,324.705231,324.902039,325.098816,325.295593,325.492371,325.689087,325.885834,326.082550,326.279266,326.475952,326.672638,326.869324,327.065979,327.262634,327.459229,327.655884,327.852478,328.049103,328.245667,328.442230,328.638794,328.835358,329.031891,329.228394,329.424896,329.621399,329.817902,330.014374,330.210815,330.407257,330.603699,330.800140,330.996521,331.192932,331.389313,331.585693,331.782043,331.978363,332.174713,332.371033,332.567352,332.763672,332.959930,333.156189,333.352448,333.548706,333.744934,333.941162,334.137360,334.333557,334.529755,334.725891,334.922058,335.118225,335.314362,335.510468,335.706573,335.902679,336.098755,336.294830,336.490875,336.686920,336.882965,337.079010,337.275024,337.470978,337.666962,337.862946,338.058899,338.254822,338.450775,338.646698,338.842621,339.038513,339.234375,339.430267,339.626129,339.821960,340.017792,340.213593,340.409424,340.605225,340.800995,340.996765,341.192505,341.388275,341.584015,341.779694,341.975433,342.171112,342.366821,342.562469,342.758118,342.953766,343.149414,343.345032,343.540649,343.736206,343.931793,344.127380,344.322937,344.518463,344.714020,344.909546,345.105042,345.300537,345.496002,345.691467,345.886932,346.082397,346.277802,346.473236,346.668640,346.864044,347.059418,347.254761,347.450134,347.645477,347.840820,348.036163,348.231445,348.426727,348.622009,348.817291,349.012543,349.207764,349.403015,349.598236,349.793457,349.988617,350.183807,350.378998,350.574158,350.769257,350.964417,351.159546,351.354645,351.549744,351.744812,351.939880,352.134949,352.329987,352.525024,352.720032,352.915039,353.110046,353.305023,353.499969,353.694916,353.889862,354.084808,354.279724,354.474609,354.669525,354.864410,355.059265,355.254120,355.448975,355.643799,355.838623,356.033447,356.228210,356.422974,356.617767,356.812531,357.007263,357.201965,357.396698,357.591400,357.786102,357.980774,358.175446,358.370117,358.564758,358.759399,358.953979,359.148590,359.343201,359.537781,359.732330,359.926880,360.121429,360.315979,360.510498,360.704987,360.899475,361.093964,361.288422,361.482880,361.677307,361.871735,362.066162,362.260590,362.454956,362.649323,362.843719,363.038055,363.232422,363.426727,363.621033,363.815369,364.009644,364.203918,364.398193,364.592438,364.786682,364.980927,365.175110,365.369324,365.563538,365.757721,365.951843,366.146027,366.340179,366.534302,366.728424,366.922516,367.116608,367.310699,367.504761,367.698822,367.892822,368.086884,368.280884,368.474915,368.668884,368.862854,369.056824,369.250793,369.444733,369.638641,369.832550,370.026459,370.220367,370.414215,370.608093,370.801941,370.995789,371.189636,371.383423,371.577240,371.771027,371.964813,372.158600,372.352325,372.546051,372.739807,372.933533,373.127197,373.320892,373.514587,373.708252,373.901917,374.095520,374.289154,374.482788,374.676392,374.869965,375.063538,375.257111,375.450684,375.644226,375.837738,376.031250,376.224762,376.418243,376.611725,376.805176,376.998627,377.192078,377.385529,377.578918,377.772308,377.965698,378.159088,378.352478,378.545807,378.739136,378.932465,379.125793,379.319061,379.512360,379.705658,379.898926,380.092194,380.285400,380.478638,380.671844,380.865051,381.058258,381.251404,381.444580,381.637726,381.830872,382.023987,382.217102,382.410217,382.603302,382.796387,382.989441,383.182495,383.375519,383.568573,383.761566,383.954559,384.147552,384.340546,384.533508,384.726440,384.919373,385.112305,385.305237,385.498108,385.691010,385.883881,386.076752,386.269623,386.462433,386.655273,386.848083,387.040894,387.233673,387.426422,387.619202,387.811951,388.004700,388.197418,388.390137,388.582825,388.775543,388.968201,389.160858,389.353516,389.546143,389.738770,389.931366,390.123993,390.316559,390.509155,390.701721,390.894257,391.086792,391.279327,391.471832,391.664368,391.856812,392.049286,392.241760,392.434235,392.626648,392.819061,393.011475,393.203888,393.396301,393.588623,393.781006,393.973358,394.165710,394.358002,394.550323,394.742645,394.934937,395.127197,395.319458,395.511688,395.703949,395.896179,396.088379,396.280579,396.472748,396.664948,396.857117,397.049225,397.241394,397.433502,397.625641,397.817749,398.009796,398.201874,398.393951,398.585999,398.778015,398.970032,399.162048,399.354065,399.546051,399.738007,399.929993,400.121948,400.313873,400.505798,400.697693,400.889587,401.081482,401.273376,401.465210,401.657074,401.848907,402.040741,402.232544,402.424316,402.616119,402.807892,402.999664,403.191406,403.383148,403.574860,403.766571,403.958282,404.149963,404.341644,404.533295,404.724945,404.916595,405.108185,405.299805,405.491425,405.683014,405.874542,406.066132,406.257690,406.449219,406.640747,406.832245,407.023743,407.215240,407.406708,407.598145,407.789612,407.981049,408.172485,408.363892,408.555267,408.746643,408.938019,409.129395,409.320709,409.512054,409.703400,409.894714,410.085999,410.277283,410.468567,410.659821,410.851074,411.042328,411.233521,411.424713,411.615936,411.807129,411.998260,412.189423,412.380585,412.571716,412.762848,412.953949,413.145050,413.336151,413.527222,413.718262,413.909302,414.100342,414.291382,414.482391,414.673370,414.864349,415.055328,415.246307,415.437256,415.628174,415.819092,416.010010,416.200897,416.391754,416.582642,416.773499,416.964355,417.155212,417.346008,417.536804,417.727631,417.918396,418.109161,418.299927,418.490662,418.681427,418.872131,419.062836,419.253540,419.444214,419.634888,419.825562,420.016174,420.206818,420.397461,420.588074,420.778625,420.969238,421.159790,421.350372,421.540924,421.731445,421.921967,422.112457,422.302979,422.493439,422.683899,422.874390,423.064819,423.255280,423.445648,423.636078,423.826477,424.016876,424.207245,424.397583,424.587921,424.778259,424.968597,425.158875,425.349182,425.539459,425.729736,425.920013,426.110229,426.300476,426.490692,426.680908,426.871094,427.061279,427.251434,427.441620,427.631775,427.821869,428.011993,428.202118,428.392212,428.582306,428.772339,428.962402,429.152466,429.342499,429.532501,429.722504,429.912506,430.102509,430.292480,430.482391,430.672363,430.862305,431.052216,431.242096,431.432007,431.621887,431.811768,432.001617,432.191437,432.381287,432.571106,432.760925,432.950684,433.140472,433.330261,433.520020,433.709778,433.899475,434.089203,434.278931,434.468628,434.658295,434.847961,435.037628,435.227264,435.416901,435.606506,435.796112,435.985718,436.175293,436.364868,436.554413,436.743958,436.933502,437.123016,437.312500,437.501984,437.691498,437.880951,438.070435,438.259827,438.449280,438.638702,438.828125,439.017517,439.206879,439.396240,439.585602,439.774963,439.964264,440.153595,440.342896,440.532196,440.721497,440.910736,441.100006,441.289246,441.478485,441.667664,441.856873,442.046082,442.235260,442.424438,442.613586,442.802734,442.991852,443.180969,443.370087,443.559174,443.748260,443.937317,444.126373,444.315399,444.504425,444.693451,444.882477,445.071472,445.260437,445.449402,445.638367,445.827301,446.016205,446.205139,446.394043,446.582947,446.771820,446.960693,447.149536,447.338379,447.527222,447.716034,447.904816,448.093628,448.282410,448.471191,448.659912,448.848663,449.037384,449.226135,449.414825,449.603485,449.792175,449.980865,450.169525,450.358124,450.546783,450.735382,450.924011,451.112610,451.301147,451.489716,451.678284,451.866821,452.055328,452.243866,452.432373,452.620880,452.809357,452.997803,453.186249,453.374695,453.563141,453.751556,453.939941,454.128326,454.316711,454.505096,454.693420,454.881775,455.070099,455.258423,455.446747,455.635010,455.823303,456.011566,456.199829,456.388031,456.576263,456.764496,456.952698,457.140900,457.329041,457.517212,457.705383,457.893524,458.081665,458.269745,458.457855,458.645966,458.834045,459.022095,459.210144,459.398193,459.586243,459.774261,459.962219,460.150238,460.338196,460.526184,460.714111,460.902039,461.089996,461.277924,461.465820,461.653687,461.841553,462.029449,462.217285,462.405151,462.592957,462.780762,462.968567,463.156372,463.344116,463.531891,463.719666,463.907410,464.095123,464.282837,464.470520,464.658234,464.845917,465.033539,465.221222,465.408844,465.596497,465.784119,465.971680,466.159271,466.346863,466.534424,466.721985,466.909515,467.097046,467.284546,467.472076,467.659546,467.847015,468.034485,468.221954,468.409393,468.596802,468.784210,468.971619,469.159027,469.346375,469.533722,469.721100,469.908447,470.095764,470.283051,470.470367,470.657654,470.844940,471.032227,471.219452,471.406677,471.593903,471.781128,471.968323,472.155518,472.342682,472.529846,472.717010,472.904144,473.091248,473.278381,473.465485,473.652557,473.839630,474.026703,474.213745,474.400818,474.587799,474.774811,474.961823,475.148834,475.335785,475.522736,475.709686,475.896637,476.083588,476.270477,476.457367,476.644257,476.831146,477.018005,477.204834,477.391693,477.578522,477.765350,477.952118,478.138916,478.325684,478.512451,478.699219,478.885925,479.072662,479.259369,479.446075,479.632751,479.819427,480.006104,480.192749,480.379395,480.565979,480.752594,480.939209,481.125793,481.312378,481.498932,481.685486,481.872040,482.058563,482.245056,482.431549,482.618042,482.804535,482.990997,483.177429,483.363861,483.550293,483.736694,483.923096,484.109467,484.295868,484.482208,484.668579,484.854889,485.041229,485.227539,485.413849,485.600128,485.786377,485.972656,486.158905,486.345154,486.531342,486.717560,486.903778,487.089966,487.276154,487.462280,487.648438,487.834564,488.020691,488.206787,488.392883,488.578979,488.765076,488.951141,489.137146,489.323212,489.509216,489.695251,489.881256,490.067200,490.253204,490.439148,490.625122,490.811035,490.996948,491.182861,491.368774,491.554657,491.740509,491.926392,492.112244,492.298065,492.483887,492.669678,492.855499,493.041290,493.227081,493.412811,493.598541,493.784302,493.970032,494.155701,494.341431,494.527100,494.712799,494.898438,495.084076,495.269714,495.455353,495.640961,495.826569,496.012115,496.197693,496.383270,496.568817,496.754333,496.939850,497.125366,497.310883,497.496368,497.681824,497.867279,498.052734,498.238190,498.423584,498.608978,498.794403,498.979797,499.165161,499.350494,499.535858,499.721191,499.906494,500.091827,500.277100,500.462433,500.647675,500.832916,501.018188,501.203400,501.388672,501.573853,501.759003,501.944244,502.129395,502.314514,502.499695,502.684814,502.869965,503.055054,503.240112,503.425232,503.610291,503.795380,503.980408,504.165405,504.350464,504.535461,504.720490,504.905457,505.090393,505.275391,505.460327,505.645233,505.830170,506.015076,506.200012,506.384857,506.569702,506.754608,506.939423,507.124298,507.309082,507.493866,507.678711,507.863464,508.048279,508.233002,508.417725,508.602478,508.787201,508.971924,509.156616,509.341248,509.525970,509.710602,509.895233,510.079895,510.264496,510.449127,510.633698,510.818268,511.002869,511.187408,511.371979,511.556488,511.740997,511.925537,512.109985,512.294495,512.478943,512.663391,512.847900,513.032288,513.216736,513.401123,513.585510,513.769897,513.954285,514.138611,514.322998,514.507263,514.691650,514.875916,515.060181,515.244507,515.428772,515.613037,515.797241,515.981445,516.165710,516.349915,516.534119,516.718323,516.902466,517.086609,517.270752,517.454895,517.639038,517.823120,518.007202,518.191284,518.375305,518.559448,518.743469,518.927490,519.111511,519.295471,519.479492,519.663452,519.847473,520.031433,520.215332,520.399292,520.583191,520.767151,520.950989,521.134888,521.318787,521.502625,521.686462,521.870300,522.054077,522.237915,522.421692,522.605469,522.789246,522.972961,523.156738,523.340454,523.524170,523.707886,523.891602,524.075317,524.258911,524.442566,524.626221,524.809875,524.993530,525.177063,525.360657,525.544250,525.727844,525.911438,526.094910,526.278442,526.461975,526.645447,526.828918,527.012451,527.195923,527.379395,527.562805,527.746216,527.929688,528.113037,528.296448,528.479858,528.663147,528.846558,529.029907,529.213257,529.396545,529.579834,529.763123,529.946411,530.129700,530.312927,530.496155,530.679443,530.862610,531.045776,531.229004,531.412170,531.595398,531.778503,531.961609,532.144775,532.327881,532.511047,532.694092,532.877136,533.060242,533.243286,533.426392,533.609375,533.792358,533.975403,534.158386,534.341370,534.524353,534.707275,534.890259,535.073120,535.256042,535.438965,535.621826,535.804749,535.987610,536.170410,536.353271,536.536133,536.718933,536.901733,537.084534,537.267334,537.450073,537.632874,537.815552,537.998291,538.181030,538.363708,538.546448,538.729065,538.911743,539.094421,539.277039,539.459656,539.642273,539.824890,540.007507,540.190063,540.372559,540.555176,540.737671,540.920227,541.102722,541.285217,541.467773,541.650208,541.832703,542.015137,542.197571,542.380005,542.562439,542.744873,542.927185,543.109558,543.291992,543.474304,543.656616,543.838989,544.021240,544.203613,544.385864,544.568115,544.750427,544.932678,545.114929,545.297119,545.479309,545.661560,545.843750,546.025940,546.208069,546.390198,546.572388,546.754517,546.936584,547.118713,547.300781,547.482910,547.664917,547.846985,548.029053,548.211060,548.393066,548.575073,548.757019,548.939026,549.120972,549.302979,549.484863,549.666809,549.848755,550.030640,550.212524,550.394409,550.576233,550.758118,550.939941,551.121765,551.303589,551.485352,551.667175,551.848938,552.030701,552.212463,552.394165,552.575928,552.757629,552.939331,553.121033,553.302673,553.484375,553.666016,553.847656,554.029297,554.210876,554.392517,554.574097,554.755615,554.937256,555.118774,555.300293,555.481812,555.663330,555.844849,556.026306,556.207764,556.389282,556.570679,556.752197,556.933594,557.114990,557.296387,557.477783,557.659180,557.840515,558.021851,558.203247,558.384521,558.565857,558.747131,558.928406,559.109741,559.290955,559.472168,559.653442,559.834656,560.015930,560.197083,560.378235,560.559448,560.740601,560.921814,561.102905,561.283997,561.465149,561.646240,561.827332,562.008423,562.189453,562.370544,562.551514,562.732605,562.913574,563.094543,563.275574,563.456543,563.637451,563.818481,563.999390,564.180298,564.361206,564.542114,564.723022,564.903870,565.084778,565.265564,565.446411,565.627258,565.808044,565.988892,566.169617,566.350403,566.531189,566.711914,566.892700,567.073364,567.254089,567.434814,567.615479,567.796143,567.976807,568.157471,568.338135,568.518738,568.699280,568.879944,569.060486,569.241089,569.421631,569.602173,569.782715,569.963257,570.143799,570.324280,570.504700,570.685242,570.865662,571.046143,571.226563,571.406982,571.587402,571.767761,571.948120,572.128540,572.308899,572.489258,572.669617,572.849915,573.030212,573.210510,573.390808,573.571106,573.751343,573.931580,574.111816,574.292053,574.472229,574.652405,574.832642,575.012817,575.192993,575.373108,575.553223,575.733398,575.913452,576.093567,576.273682,576.453735,576.633789,576.813843,576.993835,577.173889,577.353882,577.533936,577.713867,577.893860,578.073853,578.253723,578.433716,578.613647,578.793518,578.973450,579.153320,579.333191,579.513062,579.692871,579.872742,580.052551,580.232300,580.412170,580.591919,580.771729,580.951477,581.131165,581.310974,581.490662,581.670410,581.850037,582.029724,582.209412,582.389038,582.568726,582.748352,582.927979,583.107605,583.287170,583.466797,583.646362,583.825867,584.005432,584.184937,584.364441,584.544006,584.723450,584.903015,585.082458,585.261902,585.441345,585.620789,585.800232,585.979614,586.158997,586.338379,586.517761,586.697144,586.876465,587.055786,587.235107,587.414429,587.593689,587.773010,587.952271,588.131531,588.310791,588.489990,588.669250,588.848389,589.027649,589.206787,589.385925,589.565125,589.744263,589.923462,590.102539,590.281616,590.460754,590.639832,590.818909,590.997925,591.176941,591.356018,591.535034,591.713989,591.893066,592.072021,592.251038,592.429932,592.608887,592.787842,592.966736,593.145691,593.324524,593.503418,593.682312,593.861145,594.040039,594.218811,594.397644,594.576477,594.755249,594.934082,595.112793,595.291504,595.470337,595.649048,595.827698,596.006470,596.185120,596.363831,596.542480,596.721130,596.899780,597.078430,597.257080,597.435669,597.614197,597.792847,597.971375,598.149963,598.328491,598.507019,598.685547,598.864014,599.042542,599.221008,599.399475,599.577942,599.756409,599.934814,600.113220,600.291626,600.470032,600.648438,600.826782,601.005127,601.183472,601.361816,601.540161,601.718384,601.896729,602.075012,602.253296,602.431519,602.609741,602.788025,602.966187,603.144470,603.322632,603.500793,603.679016,603.857117,604.035217,604.213379,604.391479,604.569641,604.747681,604.925781,605.103882,605.281921,605.459961,605.638000,605.815979,605.994019,606.171997,606.349976,606.527954,606.705872,606.883850,607.061768,607.239746,607.417603,607.595459,607.773376,607.951233,608.129028,608.306946,608.484741,608.662598,608.840393,609.018127,609.195984,609.373718,609.551514,609.729187,609.906921,610.084656,610.262329,610.440063,610.617737,610.795349,610.973083,611.150696,611.328369,611.505920,611.683533,611.861145,612.038696,612.216248,612.393860,612.571350,612.748901,612.926392,613.103882,613.281433,613.458862,613.636353,613.813782,613.991211,614.168701,614.346069,614.523499,614.700867,614.878235,615.055664,615.232971,615.410339,615.587646,615.764954,615.942322,616.119568,616.296814,616.474121
pdY = 58.000000,82.000000,71.000000,36.000000,63.000000,73.000000,56.000000,73.000000,77.000000,49.000000,56.000000,77.000000,51.000000,79.000000,74.000000,56.000000,59.000000,81.000000,59.000000,68.000000,84.000000,62.000000,59.000000,74.000000,116.000000,63.000000,85.000000,61.000000,51.000000,64.000000,75.000000,60.000000,84.000000,62.000000,59.000000,72.000000,69.000000,67.000000,65.000000,67.000000,84.000000,58.000000,70.000000,52.000000,47.000000,80.000000,70.000000,57.000000,53.000000,61.000000,50.000000,57.000000,79.000000,55.000000,61.000000,43.000000,59.000000,64.000000,66.000000,54.000000,45.000000,44.000000,72.000000,51.000000,69.000000,59.000000,59.000000,71.000000,74.000000,42.000000,73.000000,74.000000,56.000000,48.000000,71.000000,66.000000,64.000000,80.000000,59.000000,51.000000,121.000000,83.000000,46.000000,68.000000,45.000000,53.000000,67.000000,72.000000,58.000000,68.000000,65.000000,44.000000,49.000000,80.000000,60.000000,69.000000,96.000000,54.000000,54.000000,63.000000,77.000000,60.000000,50.000000,64.000000,50.000000,56.000000,87.000000,74.000000,44.000000,73.000000,54.000000,54.000000,69.000000,50.000000,45.000000,71.000000,75.000000,48.000000,87.000000,63.000000,43.000000,60.000000,72.000000,55.000000,55.000000,68.000000,60.000000,63.000000,58.000000,54.000000,61.000000,48.000000,63.000000,61.000000,66.000000,53.000000,58.000000,56.000000,74.000000,49.000000,51.000000,72.000000,61.000000,61.000000,72.000000,39.000000,52.000000,72.000000,59.000000,54.000000,80.000000,52.000000,55.000000,60.000000,76.000000,49.000000,61.000000,70.000000,61.000000,71.000000,87.000000,37.000000,41.000000,52.000000,60.000000,67.000000,82.000000,60.000000,52.000000,52.000000,47.000000,54.000000,79.000000,53.000000,45.000000,72.000000,60.000000,59.000000,60.000000,68.000000,60.000000,35.000000,44.000000,58.000000,50.000000,61.000000,32.000000,59.000000,44.000000,70.000000,37.000000,62.000000,72.000000,51.000000,69.000000,83.000000,37.000000,43.000000,70.000000,54.000000,37.000000,60.000000,73.000000,46.000000,54.000000,50.000000,43.000000,64.000000,76.000000,45.000000,73.000000,53.000000,64.000000,66.000000,54.000000,54.000000,49.000000,60.000000,61.000000,27.000000,53.000000,74.000000,44.000000,46.000000,72.000000,44.000000,74.000000,72.000000,54.000000,51.000000,61.000000,29.000000,51.000000,61.000000,62.000000,52.000000,54.000000,44.000000,65.000000,60.000000,59.000000,53.000000,53.000000,69.000000,59.000000,87.000000,68.000000,46.000000,60.000000,50.000000,48.000000,54.000000,58.000000,72.000000,36.000000,38.000000,62.000000,59.000000,61.000000,71.000000,57.000000,48.000000,78.000000,38.000000,65.000000,65.000000,48.000000,58.000000,68.000000,43.000000,59.000000,78.000000,50.000000,32.000000,84.000000,56.000000,67.000000,77.000000,57.000000,46.000000,46.000000,68.000000,55.000000,48.000000,53.000000,50.000000,62.000000,50.000000,56.000000,31.000000,70.000000,57.000000,47.000000,56.000000,61.000000,42.000000,47.000000,71.000000,51.000000,50.000000,76.000000,46.000000,44.000000,80.000000,62.000000,58.000000,51.000000,39.000000,55.000000,72.000000,55.000000,48.000000,60.000000,45.000000,64.000000,73.000000,54.000000,54.000000,60.000000,53.000000,56.000000,59.000000,50.000000,59.000000,51.000000,66.000000,53.000000,54.000000,79.000000,67.000000,36.000000,55.000000,73.000000,42.000000,66.000000,53.000000,55.000000,79.000000,53.000000,56.000000,57.000000,46.000000,59.000000,38.000000,71.000000,45.000000,57.000000,58.000000,58.000000,39.000000,58.000000,70.000000,46.000000,30.000000,60.000000,40.000000,42.000000,49.000000,68.000000,49.000000,59.000000,56.000000,69.000000,69.000000,48.000000,44.000000,42.000000,63.000000,60.000000,53.000000,61.000000,66.000000,33.000000,65.000000,41.000000,42.000000,69.000000,56.000000,52.000000,58.000000,47.000000,42.000000,65.000000,49.000000,16.000000,64.000000,58.000000,29.000000,54.000000,64.000000,49.000000,39.000000,63.000000,51.000000,53.000000,85.000000,58.000000,45.000000,63.000000,60.000000,49.000000,63.000000,78.000000,43.000000,37.000000,78.000000,52.000000,77.000000,83.000000,53.000000,38.000000,47.000000,50.000000,35.000000,78.000000,53.000000,49.000000,66.000000,65.000000,46.000000,76.000000,53.000000,43.000000,53.000000,63.000000,59.000000,77.000000,49.000000,34.000000,70.000000,66.000000,49.000000,51.000000,43.000000,41.000000,54.000000,54.000000,50.000000,59.000000,60.000000,68.000000,58.000000,44.000000,49.000000,55.000000,66.000000,71.000000,54.000000,26.000000,60.000000,80.000000,63.000000,53.000000,57.000000,47.000000,51.000000,66.000000,28.000000,59.000000,53.000000,29.000000,60.000000,70.000000,38.000000,50.000000,47.000000,59.000000,39.000000,72.000000,51.000000,54.000000,64.000000,46.000000,64.000000,64.000000,53.000000,62.000000,54.000000,41.000000,48.000000,58.000000,63.000000,38.000000,36.000000,68.000000,60.000000,33.000000,64.000000,43.000000,34.000000,67.000000,66.000000,40.000000,59.000000,43.000000,40.000000,57.000000,56.000000,52.000000,57.000000,54.000000,45.000000,53.000000,62.000000,43.000000,54.000000,55.000000,47.000000,64.000000,50.000000,58.000000,59.000000,40.000000,52.000000,70.000000,41.000000,53.000000,57.000000,46.000000,55.000000,71.000000,35.000000,69.000000,57.000000,48.000000,59.000000,73.000000,41.000000,42.000000,61.000000,39.000000,72.000000,78.000000,52.000000,36.000000,73.000000,49.000000,50.000000,55.000000,58.000000,54.000000,52.000000,68.000000,53.000000,37.000000,59.000000,39.000000,52.000000,77.000000,49.000000,40.000000,40.000000,66.000000,61.000000,61.000000,49.000000,37.000000,69.000000,63.000000,51.000000,61.000000,71.000000,47.000000,59.000000,53.000000,44.000000,65.000000,78.000000,47.000000,58.000000,55.000000,54.000000,61.000000,69.000000,55.000000,55.000000,46.000000,61.000000,47.000000,48.000000,61.000000,53.000000,44.000000,77.000000,47.000000,39.000000,67.000000,55.000000,59.000000,71.000000,58.000000,38.000000,53.000000,71.000000,66.000000,56.000000,49.000000,39.000000,54.000000,65.000000,32.000000,40.000000,62.000000,60.000000,56.000000,88.000000,34.000000,58.000000,70.000000,60.000000,61.000000,80.000000,58.000000,61.000000,59.000000,74.000000,51.000000,80.000000,55.000000,99.000000,48.000000,50.000000,59.000000,68.000000,84.000000,55.000000,46.000000,60.000000,73.000000,74.000000,81.000000,79.000000,93.000000,83.000000,90.000000,80.000000,79.000000,106.000000,85.000000,82.000000,98.000000,92.000000,79.000000,93.000000,73.000000,81.000000,73.000000,73.000000,70.000000,67.000000,79.000000,58.000000,51.000000,71.000000,44.000000,48.000000,60.000000,58.000000,45.000000,65.000000,66.000000,47.000000,68.000000,64.000000,46.000000,40.000000,69.000000,43.000000,58.000000,67.000000,46.000000,39.000000,56.000000,43.000000,59.000000,71.000000,60.000000,56.000000,79.000000,64.000000,44.000000,79.000000,70.000000,41.000000,57.000000,65.000000,47.000000,65.000000,69.000000,57.000000,63.000000,70.000000,69.000000,64.000000,73.000000,47.000000,44.000000,48.000000,75.000000,70.000000,65.000000,52.000000,42.000000,50.000000,84.000000,53.000000,57.000000,63.000000,48.000000,55.000000,69.000000,54.000000,71.000000,69.000000,50.000000,54.000000,73.000000,78.000000,45.000000,58.000000,61.000000,54.000000,55.000000,56.000000,62.000000,87.000000,67.000000,65.000000,58.000000,62.000000,59.000000,48.000000,67.000000,59.000000,40.000000,64.000000,61.000000,58.000000,75.000000,75.000000,63.000000,57.000000,73.000000,63.000000,50.000000,68.000000,46.000000,57.000000,63.000000,61.000000,45.000000,77.000000,61.000000,50.000000,66.000000,70.000000,46.000000,72.000000,66.000000,50.000000,59.000000,54.000000,78.000000,71.000000,75.000000,61.000000,58.000000,73.000000,84.000000,48.000000,82.000000,68.000000,53.000000,71.000000,84.000000,62.000000,80.000000,70.000000,51.000000,63.000000,66.000000,73.000000,67.000000,87.000000,56.000000,54.000000,67.000000,75.000000,74.000000,72.000000,58.000000,56.000000,68.000000,70.000000,66.000000,75.000000,75.000000,57.000000,70.000000,69.000000,74.000000,71.000000,63.000000,78.000000,57.000000,60.000000,71.000000,75.000000,38.000000,73.000000,94.000000,56.000000,71.000000,70.000000,54.000000,76.000000,64.000000,109.000000,82.000000,67.000000,60.000000,68.000000,71.000000,89.000000,78.000000,80.000000,63.000000,81.000000,62.000000,67.000000,78.000000,80.000000,57.000000,74.000000,66.000000,78.000000,66.000000,84.000000,75.000000,72.000000,81.000000,68.000000,70.000000,80.000000,94.000000,66.000000,77.000000,80.000000,60.000000,77.000000,50.000000,81.000000,63.000000,99.000000,75.000000,77.000000,77.000000,78.000000,73.000000,90.000000,89.000000,58.000000,103.000000,95.000000,68.000000,89.000000,85.000000,82.000000,77.000000,96.000000,77.000000,73.000000,98.000000,68.000000,71.000000,83.000000,87.000000,61.000000,99.000000,63.000000,77.000000,75.000000,95.000000,78.000000,86.000000,90.000000,97.000000,79.000000,95.000000,100.000000,75.000000,93.000000,83.000000,82.000000,105.000000,108.000000,71.000000,93.000000,86.000000,79.000000,95.000000,94.000000,97.000000,89.000000,92.000000,97.000000,83.000000,82.000000,88.000000,82.000000,97.000000,93.000000,115.000000,89.000000,101.000000,87.000000,107.000000,103.000000,89.000000,92.000000,113.000000,111.000000,90.000000,104.000000,93.000000,83.000000,95.000000,114.000000,82.000000,112.000000,103.000000,90.000000,118.000000,106.000000,94.000000,107.000000,108.000000,103.000000,112.000000,126.000000,105.000000,115.000000,117.000000,112.000000,96.000000,110.000000,116.000000,94.000000,104.000000,121.000000,94.000000,109.000000,115.000000,109.000000,130.000000,100.000000,119.000000,121.000000,149.000000,110.000000,109.000000,126.000000,106.000000,126.000000,132.000000,141.000000,100.000000,140.000000,118.000000,120.000000,133.000000,137.000000,117.000000,138.000000,130.000000,132.000000,133.000000,147.000000,133.000000,130.000000,141.000000,126.000000,128.000000,142.000000,120.000000,112.000000,127.000000,154.000000,123.000000,148.000000,120.000000,139.000000,127.000000,146.000000,170.000000,132.000000,137.000000,132.000000,120.000000,162.000000,125.000000,153.000000,173.000000,154.000000,147.000000,149.000000,162.000000,139.000000,146.000000,157.000000,149.000000,185.000000,163.000000,150.000000,140.000000,166.000000,159.000000,161.000000,167.000000,161.000000,156.000000,153.000000,186.000000,189.000000,172.000000,160.000000,157.000000,187.000000,212.000000,178.000000,167.000000,180.000000,191.000000,165.000000,179.000000,178.000000,172.000000,192.000000,190.000000,169.000000,188.000000,184.000000,173.000000,195.000000,197.000000,185.000000,175.000000,192.000000,190.000000,205.000000,217.000000,202.000000,186.000000,201.000000,189.000000,207.000000,187.000000,206.000000,199.000000,197.000000,209.000000,210.000000,198.000000,212.000000,203.000000,199.000000,220.000000,183.000000,217.000000,221.000000,224.000000,198.000000,254.000000,233.000000,215.000000,239.000000,232.000000,246.000000,235.000000,236.000000,198.000000,206.000000,237.000000,220.000000,226.000000,255.000000,231.000000,234.000000,256.000000,244.000000,246.000000,248.000000,284.000000,238.000000,243.000000,279.000000,241.000000,239.000000,286.000000,247.000000,272.000000,286.000000,253.000000,253.000000,264.000000,272.000000,243.000000,287.000000,276.000000,258.000000,264.000000,285.000000,264.000000,288.000000,289.000000,264.000000,286.000000,303.000000,297.000000,269.000000,300.000000,303.000000,303.000000,305.000000,304.000000,292.000000,317.000000,307.000000,330.000000,326.000000,308.000000,313.000000,333.000000,312.000000,308.000000,310.000000,338.000000,327.000000,309.000000,327.000000,306.000000,307.000000,356.000000,362.000000,321.000000,350.000000,345.000000,343.000000,364.000000,354.000000,334.000000,349.000000,360.000000,342.000000,376.000000,380.000000,339.000000,368.000000,380.000000,387.000000,360.000000,391.000000,380.000000,365.000000,381.000000,409.000000,383.000000,387.000000,381.000000,393.000000,402.000000,409.000000,350.000000,398.000000,430.000000,403.000000,418.000000,430.000000,405.000000,400.000000,425.000000,447.000000,414.000000,425.000000,449.000000,401.000000,431.000000,445.000000,437.000000,437.000000,436.000000,437.000000,444.000000,458.000000,436.000000,445.000000,461.000000,458.000000,457.000000,464.000000,453.000000,459.000000,464.000000,491.000000,474.000000,473.000000,489.000000,490.000000,491.000000,494.000000,488.000000,498.000000,501.000000,506.000000,487.000000,499.000000,523.000000,500.000000,511.000000,525.000000,518.000000,539.000000,531.000000,512.000000,526.000000,545.000000,547.000000,541.000000,553.000000,535.000000,566.000000,561.000000,574.000000,565.000000,569.000000,556.000000,551.000000,563.000000,579.000000,571.000000,565.000000,599.000000,594.000000,619.000000,593.000000,594.000000,589.000000,597.000000,618.000000,617.000000,625.000000,605.000000,611.000000,645.000000,632.000000,645.000000,641.000000,638.000000,637.000000,645.000000,698.000000,657.000000,642.000000,667.000000,657.000000,652.000000,694.000000,671.000000,659.000000,689.000000,666.000000,665.000000,686.000000,675.000000,669.000000,682.000000,706.000000,691.000000,703.000000,702.000000,681.000000,693.000000,704.000000,723.000000,690.000000,718.000000,712.000000,706.000000,725.000000,729.000000,755.000000,732.000000,770.000000,721.000000,739.000000,752.000000,726.000000,749.000000,761.000000,765.000000,735.000000,788.000000,756.000000,752.000000,778.000000,755.000000,774.000000,785.000000,807.000000,766.000000,795.000000,757.000000,796.000000,821.000000,812.000000,797.000000,835.000000,832.000000,812.000000,834.000000,846.000000,839.000000,808.000000,847.000000,810.000000,858.000000,833.000000,874.000000,842.000000,877.000000,852.000000,886.000000,856.000000,891.000000,844.000000,880.000000,882.000000,892.000000,887.000000,919.000000,890.000000,916.000000,930.000000,917.000000,912.000000,922.000000,941.000000,913.000000,925.000000,951.000000,916.000000,923.000000,953.000000,958.000000,932.000000,978.000000,946.000000,933.000000,998.000000,990.000000,981.000000,986.000000,988.000000,990.000000,972.000000,1008.000000,1003.000000,1029.000000,1018.000000,1005.000000,1022.000000,1033.000000,1010.000000,1038.000000,1042.000000,1025.000000,1031.000000,1067.000000,1056.000000,1070.000000,1054.000000,1057.000000,1055.000000,1083.000000,1095.000000,1090.000000,1101.000000,1092.000000,1064.000000,1105.000000,1106.000000,1132.000000,1125.000000,1141.000000,1135.000000,1120.000000,1121.000000,1148.000000,1148.000000,1150.000000,1169.000000,1185.000000,1160.000000,1161.000000,1163.000000,1164.000000,1219.000000,1179.000000,1209.000000,1231.000000,1187.000000,1225.000000,1220.000000,1216.000000,1237.000000,1239.000000,1243.000000,1239.000000,1283.000000,1261.000000,1259.000000,1279.000000,1286.000000,1284.000000,1288.000000,1303.000000,1307.000000,1291.000000,1306.000000,1329.000000,1323.000000,1323.000000,1351.000000,1337.000000,1338.000000,1381.000000,1362.000000,1370.000000,1377.000000,1362.000000,1389.000000,1433.000000,1378.000000,1402.000000,1438.000000,1415.000000,1424.000000,1442.000000,1423.000000,1423.000000,1447.000000,1442.000000,1433.000000,1468.000000,1485.000000,1461.000000,1485.000000,1513.000000,1487.000000,1497.000000,1501.000000,1501.000000,1532.000000,1541.000000,1535.000000,1516.000000,1555.000000,1583.000000,1554.000000,1592.000000,1600.000000,1586.000000,1581.000000,1606.000000,1600.000000,1601.000000,1637.000000,1618.000000,1626.000000,1675.000000,1648.000000,1653.000000,1676.000000,1678.000000,1690.000000,1710.000000,1705.000000,1676.000000,1709.000000,1744.000000,1728.000000,1768.000000,1732.000000,1749.000000,1753.000000,1802.000000,1761.000000,1768.000000,1806.000000,1806.000000,1818.000000,1819.000000,1840.000000,1839.000000,1809.000000,1864.000000,1853.000000,1871.000000,1881.000000,1879.000000,1894.000000,1917.000000,1911.000000,1925.000000,1916.000000,1918.000000,1928.000000,1964.000000,1967.000000,1964.000000,1988.000000,1980.000000,1967.000000,1996.000000,2010.000000,1973.000000,2028.000000,2048.000000,2014.000000,2045.000000,2065.000000,2021.000000,2081.000000,2074.000000,2071.000000,2091.000000,2065.000000,2123.000000,2103.000000,2104.000000,2165.000000,2158.000000,2177.000000,2175.000000,2166.000000,2185.000000,2199.000000,2202.000000,2206.000000,2224.000000,2241.000000,2225.000000,2240.000000,2245.000000,2268.000000,2317.000000,2301.000000,2300.000000,2306.000000,2320.000000,2336.000000,2354.000000,2321.000000,2337.000000,2377.000000,2381.000000,2378.000000,2418.000000,2378.000000,2380.000000,2450.000000,2396.000000,2437.000000,2484.000000,2471.000000,2467.000000,2472.000000,2508.000000,2504.000000,2509.000000,2543.000000,2510.000000,2549.000000,2573.000000,2567.000000,2562.000000,2612.000000,2573.000000,2596.000000,2596.000000,2621.000000,2616.000000,2653.000000,2662.000000,2674.000000,2646.000000,2678.000000,2677.000000,2702.000000,2705.000000,2738.000000,2731.000000,2744.000000,2744.000000,2734.000000,2779.000000,2788.000000,2786.000000,2816.000000,2801.000000,2804.000000,2837.000000,2844.000000,2882.000000,2872.000000,2879.000000,2905.000000,2910.000000,2915.000000,2921.000000,2902.000000,2934.000000,2945.000000,2949.000000,2963.000000,3002.000000,3002.000000,2979.000000,3001.000000,3018.000000,3054.000000,3038.000000,3026.000000,3054.000000,3090.000000,3087.000000,3111.000000,3109.000000,3121.000000,3119.000000,3171.000000,3150.000000,3111.000000,3188.000000,3200.000000,3173.000000,3220.000000,3197.000000,3223.000000,3249.000000,3267.000000,3290.000000,3291.000000,3277.000000,3307.000000,3303.000000,3295.000000,3314.000000,3320.000000,3325.000000,3357.000000,3380.000000,3366.000000,3419.000000,3420.000000,3386.000000,3430.000000,3418.000000,3425.000000,3459.000000,3483.000000,3496.000000,3521.000000,3493.000000,3500.000000,3527.000000,3545.000000,3565.000000,3574.000000,3552.000000,3581.000000,3563.000000,3628.000000,3650.000000,3610.000000,3676.000000,3636.000000,3667.000000,3651.000000,3693.000000,3694.000000,3703.000000,3679.000000,3775.000000,3764.000000,3781.000000,3771.000000,3792.000000,3782.000000,3802.000000,3818.000000,3810.000000,3877.000000,3857.000000,3888.000000,3857.000000,3877.000000,3907.000000,3916.000000,3935.000000,3961.000000,3959.000000,3949.000000,4006.000000,4010.000000,4029.000000,4037.000000,4043.000000,4045.000000,4060.000000,4064.000000,4083.000000,4072.000000,4127.000000,4085.000000,4103.000000,4132.000000,4115.000000,4166.000000,4175.000000,4183.000000,4209.000000,4279.000000,4222.000000,4254.000000,4269.000000,4325.000000,4247.000000,4288.000000,4284.000000,4343.000000,4380.000000,4326.000000,4416.000000,4374.000000,4416.000000,4424.000000,4426.000000,4456.000000,4431.000000,4425.000000,4397.000000,4478.000000,4498.000000,4487.000000,4517.000000,4535.000000,4569.000000,4576.000000,4573.000000,4597.000000,4602.000000,4625.000000,4633.000000,4623.000000,4661.000000,4692.000000,4693.000000,4695.000000,4734.000000,4747.000000,4748.000000,4770.000000,4734.000000,4804.000000,4789.000000,4815.000000,4819.000000,4899.000000,4816.000000,4863.000000,4889.000000,4886.000000,4943.000000,4886.000000,4926.000000,4994.000000,4994.000000,5032.000000,4996.000000,5004.000000,5026.000000,5032.000000,5018.000000,5067.000000,5048.000000,5141.000000,5054.000000,5137.000000,5147.000000,5185.000000,5149.000000,5153.000000,5238.000000,5241.000000,5197.000000,5257.000000,5249.000000,5273.000000,5347.000000,5306.000000,5266.000000,5322.000000,5328.000000,5377.000000,5349.000000,5381.000000,5424.000000,5425.000000,5378.000000,5439.000000,5444.000000,5484.000000,5456.000000,5450.000000,5502.000000,5520.000000,5493.000000,5498.000000,5570.000000,5531.000000,5549.000000,5598.000000,5605.000000,5596.000000,5639.000000,5616.000000,5692.000000,5684.000000,5646.000000,5657.000000,5734.000000,5728.000000,5730.000000,5727.000000,5763.000000,5743.000000,5753.000000,5855.000000,5815.000000,5802.000000,5808.000000,5845.000000,5863.000000,5915.000000,5879.000000,5927.000000,5915.000000,5931.000000,5940.000000,5991.000000,6031.000000,6004.000000,6024.000000,6010.000000,6072.000000,6047.000000,6050.000000,6063.000000,6055.000000,6119.000000,6137.000000,6099.000000,6171.000000,6155.000000,6196.000000,6186.000000,6228.000000,6222.000000,6234.000000,6233.000000,6232.000000,6273.000000,6294.000000,6281.000000,6296.000000,6320.000000,6306.000000,6357.000000,6362.000000,6342.000000,6373.000000,6409.000000,6406.000000,6426.000000,6479.000000,6478.000000,6461.000000,6560.000000,6528.000000,6506.000000,6498.000000,6557.000000,6596.000000,6581.000000,6593.000000,6522.000000,6613.000000,6636.000000,6651.000000,6617.000000,6772.000000,6685.000000,6713.000000,6799.000000,6723.000000,6742.000000,6794.000000,6829.000000,6821.000000,6848.000000,6874.000000,6862.000000,6855.000000,6894.000000,6920.000000,6899.000000,7018.000000,6990.000000,7015.000000,6995.000000,7015.000000,7041.000000,7063.000000,7056.000000,7131.000000,7124.000000,7106.000000,7126.000000,7157.000000,7183.000000,7203.000000,7174.000000,7226.000000,7218.000000,7281.000000,7245.000000,7247.000000,7279.000000,7305.000000,7245.000000,7319.000000,7380.000000,7386.000000,7350.000000,7404.000000,7379.000000,7374.000000,7473.000000,7484.000000,7496.000000,7459.000000,7496.000000,7554.000000,7550.000000,7571.000000,7496.000000,7555.000000,7608.000000,7651.000000,7590.000000,7612.000000,7586.000000,7660.000000,7612.000000,7604.000000,7657.000000,7674.000000,7670.000000,7752.000000,7709.000000,7720.000000,7721.000000,7719.000000,7698.000000,7713.000000,7753.000000,7783.000000,7789.000000,7777.000000,7804.000000,7828.000000,7717.000000,7818.000000,7825.000000,7819.000000,7861.000000,7882.000000,7901.000000,7849.000000,7869.000000,7879.000000,7950.000000,7942.000000,7968.000000,7981.000000,7969.000000,8080.000000,7994.000000,8107.000000,8038.000000,8052.000000,8012.000000,8073.000000,8097.000000,8080.000000,8067.000000,8123.000000,8120.000000,8175.000000,8185.000000,8145.000000,8164.000000,8143.000000,8200.000000,8238.000000,8225.000000,8186.000000,8281.000000,8295.000000,8213.000000,8291.000000,8299.000000,8252.000000,8292.000000,8353.000000,8314.000000,8307.000000,8276.000000,8312.000000,8311.000000,8326.000000,8404.000000,8418.000000,8429.000000,8482.000000

nFuncNum = 2
polarChoose = 0
polarDege = 0.000000
polarStart = 0.000000
polarEnd = 0.000000
polarStep = 0.000000