strScanMode=
strWave=
powervalue=
pinhole=0
grating=
slit=0
ExpTime=
unit=nm
strCenterWave=
strStartWave=
strEndWave=
totalnum=1
strInterFlg=
strIntervaltime=
intervalnum=0
haveTitle=1
dataFrom=0
laserWaveLength=532.2
pdX=227.782074,227.984955,228.187805,228.390671,228.593491,228.796326,228.999146,229.201935,229.404724,229.607483,229.810257,230.013000,230.215744,230.418457,230.621170,230.823868,231.026550,231.229233,231.431885,231.634537,231.837158,232.039795,232.242416,232.444992,232.647583,232.850159,233.052719,233.255264,233.457809,233.660309,233.862839,234.065338,234.267807,234.470291,234.672745,234.875198,235.077621,235.280060,235.482468,235.684860,235.887253,236.089615,236.291977,236.494324,236.696655,236.898987,237.101288,237.303589,237.505875,237.708145,237.910400,238.112656,238.314880,238.517105,238.719330,238.921509,239.123703,239.325867,239.528030,239.730164,239.932312,240.134445,240.336533,240.538651,240.740723,240.942795,241.144852,241.346893,241.548935,241.750961,241.952972,242.154953,242.356949,242.558914,242.760880,242.962814,243.164749,243.366684,243.568588,243.770493,243.972366,244.174240,244.376083,244.577942,244.779785,244.981598,245.183411,245.385193,245.586990,245.788742,245.990509,246.192245,246.393997,246.595718,246.797424,246.999115,247.200790,247.402466,247.604126,247.805771,248.007416,248.209030,248.410645,248.612228,248.813812,249.015381,249.216949,249.418503,249.620026,249.821548,250.023041,250.224548,250.426025,250.627502,250.828949,251.030396,251.231842,251.433258,251.634659,251.836044,252.037445,252.238800,252.440170,252.641510,252.842834,253.044174,253.245468,253.446762,253.648041,253.849319,254.050583,254.251816,254.453064,254.654266,254.855484,255.056671,255.257858,255.459015,255.660187,255.861328,256.062469,256.263580,256.464691,256.665771,256.866882,257.067902,257.268982,257.470032,257.671082,257.872101,258.073090,258.274078,258.475067,258.676056,258.877014,259.077911,259.278870,259.479797,259.680695,259.881561,260.082458,260.283325,260.484192,260.685059,260.885864,261.086670,261.287506,261.488281,261.689056,261.889832,262.090576,262.291351,262.492065,262.692780,262.893494,263.094177,263.294861,263.495544,263.696167,263.896820,264.097473,264.298096,264.498688,264.699280,264.899872,265.100433,265.300995,265.501526,265.702057,265.902588,266.103088,266.303558,266.504059,266.704529,266.904999,267.105438,267.305847,267.506256,267.706665,267.907074,268.107452,268.307800,268.508179,268.708527,268.908844,269.109161,269.309448,269.509766,269.710052,269.910309,270.110565,270.310791,270.511047,270.711273,270.911438,271.111633,271.311829,271.511993,271.712158,271.912292,272.112427,272.312531,272.512665,272.712738,272.912811,273.112885,273.312958,273.513000,273.713013,273.913025,274.113037,274.313019,274.513031,274.712952,274.912933,275.112885,275.312805,275.512695,275.712616,275.912506,276.112396,276.312256,276.512085,276.711945,276.911774,277.111603,277.311371,277.511169,277.710968,277.910736,278.110504,278.310211,278.509949,278.709686,278.909393,279.109100,279.308746,279.508423,279.708069,279.907715,280.107330,280.306946,280.506561,280.706146,280.905731,281.105286,281.304840,281.504395,281.703918,281.903412,282.102936,282.302429,282.501923,282.701385,282.900818,283.100250,283.299683,283.499115,283.698517,283.897888,284.097290,284.296661,284.496002,284.695313,284.894653,285.093994,285.293304,285.492584,285.691833,285.891113,286.090363,286.289612,286.488831,286.688049,286.887268,287.086456,287.285645,287.484772,287.683929,287.883087,288.082214,288.281342,288.480408,288.679504,288.878601,289.077667,289.276703,289.475739,289.674774,289.873810,290.072815,290.271759,290.470764,290.669739,290.868683,291.067596,291.266541,291.465454,291.664368,291.863251,292.062103,292.260986,292.459839,292.658691,292.857513,293.056305,293.255127,293.453918,293.652710,293.851440,294.050201,294.248932,294.447693,294.646393,294.845062,295.043762,295.242462,295.441132,295.639740,295.838409,296.037018,296.235657,296.434265,296.632813,296.831421,297.029968,297.228546,297.427063,297.625580,297.824097,298.022614,298.221100,298.419556,298.618042,298.816498,299.014923,299.213379,299.411743,299.610168,299.808563,300.006927,300.205292,300.403625,300.601990,300.800323,300.998627,301.196899,301.395203,301.593475,301.791748,301.989990,302.188232,302.386444,302.584686,302.782898,302.981049,303.179230,303.377411,303.575562,303.773712,303.971802,304.169922,304.368042,304.566132,304.764160,304.962250,305.160309,305.358337,305.556366,305.754364,305.952362,306.150360,306.348358,306.546295,306.744232,306.942200,307.140106,307.338043,307.535919,307.733795,307.931671,308.129547,308.327423,308.525238,308.723053,308.920868,309.118683,309.316437,309.514221,309.712006,309.909760,310.107483,310.305206,310.502899,310.700623,310.898315,311.095947,311.293640,311.491272,311.688934,311.886566,312.084137,312.281738,312.479340,312.676910,312.874481,313.072021,313.269562,313.467102,313.664612,313.862091,314.059570,314.257050,314.454529,314.651978,314.849396,315.046814,315.244232,315.441650,315.639008,315.836395,316.033752,316.231110,316.428467,316.625763,316.823059,317.020386,317.217682,317.414948,317.612183,317.809448,318.006683,318.203918,318.401093,318.598297,318.795502,318.992676,319.189850,319.386963,319.584106,319.781250,319.978363,320.175415,320.372528,320.569611,320.766663,320.963715,321.160736,321.357758,321.554779,321.751770,321.948730,322.145721,322.342682,322.539642,322.736572,322.933472,323.130402,323.327301,323.524200,323.721069,323.917908,324.114777,324.311615,324.508423,324.705231,324.902039,325.098816,325.295593,325.492371,325.689087,325.885834,326.082550,326.279266,326.475952,326.672638,326.869324,327.065979,327.262634,327.459229,327.655884,327.852478,328.049103,328.245667,328.442230,328.638794,328.835358,329.031891,329.228394,329.424896,329.621399,329.817902,330.014374,330.210815,330.407257,330.603699,330.800140,330.996521,331.192932,331.389313,331.585693,331.782043,331.978363,332.174713,332.371033,332.567352,332.763672,332.959930,333.156189,333.352448,333.548706,333.744934,333.941162,334.137360,334.333557,334.529755,334.725891,334.922058,335.118225,335.314362,335.510468,335.706573,335.902679,336.098755,336.294830,336.490875,336.686920,336.882965,337.079010,337.275024,337.470978,337.666962,337.862946,338.058899,338.254822,338.450775,338.646698,338.842621,339.038513,339.234375,339.430267,339.626129,339.821960,340.017792,340.213593,340.409424,340.605225,340.800995,340.996765,341.192505,341.388275,341.584015,341.779694,341.975433,342.171112,342.366821,342.562469,342.758118,342.953766,343.149414,343.345032,343.540649,343.736206,343.931793,344.127380,344.322937,344.518463,344.714020,344.909546,345.105042,345.300537,345.496002,345.691467,345.886932,346.082397,346.277802,346.473236,346.668640,346.864044,347.059418,347.254761,347.450134,347.645477,347.840820,348.036163,348.231445,348.426727,348.622009,348.817291,349.012543,349.207764,349.403015,349.598236,349.793457,349.988617,350.183807,350.378998,350.574158,350.769257,350.964417,351.159546,351.354645,351.549744,351.744812,351.939880,352.134949,352.329987,352.525024,352.720032,352.915039,353.110046,353.305023,353.499969,353.694916,353.889862,354.084808,354.279724,354.474609,354.669525,354.864410,355.059265,355.254120,355.448975,355.643799,355.838623,356.033447,356.228210,356.422974,356.617767,356.812531,357.007263,357.201965,357.396698,357.591400,357.786102,357.980774,358.175446,358.370117,358.564758,358.759399,358.953979,359.148590,359.343201,359.537781,359.732330,359.926880,360.121429,360.315979,360.510498,360.704987,360.899475,361.093964,361.288422,361.482880,361.677307,361.871735,362.066162,362.260590,362.454956,362.649323,362.843719,363.038055,363.232422,363.426727,363.621033,363.815369,364.009644,364.203918,364.398193,364.592438,364.786682,364.980927,365.175110,365.369324,365.563538,365.757721,365.951843,366.146027,366.340179,366.534302,366.728424,366.922516,367.116608,367.310699,367.504761,367.698822,367.892822,368.086884,368.280884,368.474915,368.668884,368.862854,369.056824,369.250793,369.444733,369.638641,369.832550,370.026459,370.220367,370.414215,370.608093,370.801941,370.995789,371.189636,371.383423,371.577240,371.771027,371.964813,372.158600,372.352325,372.546051,372.739807,372.933533,373.127197,373.320892,373.514587,373.708252,373.901917,374.095520,374.289154,374.482788,374.676392,374.869965,375.063538,375.257111,375.450684,375.644226,375.837738,376.031250,376.224762,376.418243,376.611725,376.805176,376.998627,377.192078,377.385529,377.578918,377.772308,377.965698,378.159088,378.352478,378.545807,378.739136,378.932465,379.125793,379.319061,379.512360,379.705658,379.898926,380.092194,380.285400,380.478638,380.671844,380.865051,381.058258,381.251404,381.444580,381.637726,381.830872,382.023987,382.217102,382.410217,382.603302,382.796387,382.989441,383.182495,383.375519,383.568573,383.761566,383.954559,384.147552,384.340546,384.533508,384.726440,384.919373,385.112305,385.305237,385.498108,385.691010,385.883881,386.076752,386.269623,386.462433,386.655273,386.848083,387.040894,387.233673,387.426422,387.619202,387.811951,388.004700,388.197418,388.390137,388.582825,388.775543,388.968201,389.160858,389.353516,389.546143,389.738770,389.931366,390.123993,390.316559,390.509155,390.701721,390.894257,391.086792,391.279327,391.471832,391.664368,391.856812,392.049286,392.241760,392.434235,392.626648,392.819061,393.011475,393.203888,393.396301,393.588623,393.781006,393.973358,394.165710,394.358002,394.550323,394.742645,394.934937,395.127197,395.319458,395.511688,395.703949,395.896179,396.088379,396.280579,396.472748,396.664948,396.857117,397.049225,397.241394,397.433502,397.625641,397.817749,398.009796,398.201874,398.393951,398.585999,398.778015,398.970032,399.162048,399.354065,399.546051,399.738007,399.929993,400.121948,400.313873,400.505798,400.697693,400.889587,401.081482,401.273376,401.465210,401.657074,401.848907,402.040741,402.232544,402.424316,402.616119,402.807892,402.999664,403.191406,403.383148,403.574860,403.766571,403.958282,404.149963,404.341644,404.533295,404.724945,404.916595,405.108185,405.299805,405.491425,405.683014,405.874542,406.066132,406.257690,406.449219,406.640747,406.832245,407.023743,407.215240,407.406708,407.598145,407.789612,407.981049,408.172485,408.363892,408.555267,408.746643,408.938019,409.129395,409.320709,409.512054,409.703400,409.894714,410.085999,410.277283,410.468567,410.659821,410.851074,411.042328,411.233521,411.424713,411.615936,411.807129,411.998260,412.189423,412.380585,412.571716,412.762848,412.953949,413.145050,413.336151,413.527222,413.718262,413.909302,414.100342,414.291382,414.482391,414.673370,414.864349,415.055328,415.246307,415.437256,415.628174,415.819092,416.010010,416.200897,416.391754,416.582642,416.773499,416.964355,417.155212,417.346008,417.536804,417.727631,417.918396,418.109161,418.299927,418.490662,418.681427,418.872131,419.062836,419.253540,419.444214,419.634888,419.825562,420.016174,420.206818,420.397461,420.588074,420.778625,420.969238,421.159790,421.350372,421.540924,421.731445,421.921967,422.112457,422.302979,422.493439,422.683899,422.874390,423.064819,423.255280,423.445648,423.636078,423.826477,424.016876,424.207245,424.397583,424.587921,424.778259,424.968597,425.158875,425.349182,425.539459,425.729736,425.920013,426.110229,426.300476,426.490692,426.680908,426.871094,427.061279,427.251434,427.441620,427.631775,427.821869,428.011993,428.202118,428.392212,428.582306,428.772339,428.962402,429.152466,429.342499,429.532501,429.722504,429.912506,430.102509,430.292480,430.482391,430.672363,430.862305,431.052216,431.242096,431.432007,431.621887,431.811768,432.001617,432.191437,432.381287,432.571106,432.760925,432.950684,433.140472,433.330261,433.520020,433.709778,433.899475,434.089203,434.278931,434.468628,434.658295,434.847961,435.037628,435.227264,435.416901,435.606506,435.796112,435.985718,436.175293,436.364868,436.554413,436.743958,436.933502,437.123016,437.312500,437.501984,437.691498,437.880951,438.070435,438.259827,438.449280,438.638702,438.828125,439.017517,439.206879,439.396240,439.585602,439.774963,439.964264,440.153595,440.342896,440.532196,440.721497,440.910736,441.100006,441.289246,441.478485,441.667664,441.856873,442.046082,442.235260,442.424438,442.613586,442.802734,442.991852,443.180969,443.370087,443.559174,443.748260,443.937317,444.126373,444.315399,444.504425,444.693451,444.882477,445.071472,445.260437,445.449402,445.638367,445.827301,446.016205,446.205139,446.394043,446.582947,446.771820,446.960693,447.149536,447.338379,447.527222,447.716034,447.904816,448.093628,448.282410,448.471191,448.659912,448.848663,449.037384,449.226135,449.414825,449.603485,449.792175,449.980865,450.169525,450.358124,450.546783,450.735382,450.924011,451.112610,451.301147,451.489716,451.678284,451.866821,452.055328,452.243866,452.432373,452.620880,452.809357,452.997803,453.186249,453.374695,453.563141,453.751556,453.939941,454.128326,454.316711,454.505096,454.693420,454.881775,455.070099,455.258423,455.446747,455.635010,455.823303,456.011566,456.199829,456.388031,456.576263,456.764496,456.952698,457.140900,457.329041,457.517212,457.705383,457.893524,458.081665,458.269745,458.457855,458.645966,458.834045,459.022095,459.210144,459.398193,459.586243,459.774261,459.962219,460.150238,460.338196,460.526184,460.714111,460.902039,461.089996,461.277924,461.465820,461.653687,461.841553,462.029449,462.217285,462.405151,462.592957,462.780762,462.968567,463.156372,463.344116,463.531891,463.719666,463.907410,464.095123,464.282837,464.470520,464.658234,464.845917,465.033539,465.221222,465.408844,465.596497,465.784119,465.971680,466.159271,466.346863,466.534424,466.721985,466.909515,467.097046,467.284546,467.472076,467.659546,467.847015,468.034485,468.221954,468.409393,468.596802,468.784210,468.971619,469.159027,469.346375,469.533722,469.721100,469.908447,470.095764,470.283051,470.470367,470.657654,470.844940,471.032227,471.219452,471.406677,471.593903,471.781128,471.968323,472.155518,472.342682,472.529846,472.717010,472.904144,473.091248,473.278381,473.465485,473.652557,473.839630,474.026703,474.213745,474.400818,474.587799,474.774811,474.961823,475.148834,475.335785,475.522736,475.709686,475.896637,476.083588,476.270477,476.457367,476.644257,476.831146,477.018005,477.204834,477.391693,477.578522,477.765350,477.952118,478.138916,478.325684,478.512451,478.699219,478.885925,479.072662,479.259369,479.446075,479.632751,479.819427,480.006104,480.192749,480.379395,480.565979,480.752594,480.939209,481.125793,481.312378,481.498932,481.685486,481.872040,482.058563,482.245056,482.431549,482.618042,482.804535,482.990997,483.177429,483.363861,483.550293,483.736694,483.923096,484.109467,484.295868,484.482208,484.668579,484.854889,485.041229,485.227539,485.413849,485.600128,485.786377,485.972656,486.158905,486.345154,486.531342,486.717560,486.903778,487.089966,487.276154,487.462280,487.648438,487.834564,488.020691,488.206787,488.392883,488.578979,488.765076,488.951141,489.137146,489.323212,489.509216,489.695251,489.881256,490.067200,490.253204,490.439148,490.625122,490.811035,490.996948,491.182861,491.368774,491.554657,491.740509,491.926392,492.112244,492.298065,492.483887,492.669678,492.855499,493.041290,493.227081,493.412811,493.598541,493.784302,493.970032,494.155701,494.341431,494.527100,494.712799,494.898438,495.084076,495.269714,495.455353,495.640961,495.826569,496.012115,496.197693,496.383270,496.568817,496.754333,496.939850,497.125366,497.310883,497.496368,497.681824,497.867279,498.052734,498.238190,498.423584,498.608978,498.794403,498.979797,499.165161,499.350494,499.535858,499.721191,499.906494,500.091827,500.277100,500.462433,500.647675,500.832916,501.018188,501.203400,501.388672,501.573853,501.759003,501.944244,502.129395,502.314514,502.499695,502.684814,502.869965,503.055054,503.240112,503.425232,503.610291,503.795380,503.980408,504.165405,504.350464,504.535461,504.720490,504.905457,505.090393,505.275391,505.460327,505.645233,505.830170,506.015076,506.200012,506.384857,506.569702,506.754608,506.939423,507.124298,507.309082,507.493866,507.678711,507.863464,508.048279,508.233002,508.417725,508.602478,508.787201,508.971924,509.156616,509.341248,509.525970,509.710602,509.895233,510.079895,510.264496,510.449127,510.633698,510.818268,511.002869,511.187408,511.371979,511.556488,511.740997,511.925537,512.109985,512.294495,512.478943,512.663391,512.847900,513.032288,513.216736,513.401123,513.585510,513.769897,513.954285,514.138611,514.322998,514.507263,514.691650,514.875916,515.060181,515.244507,515.428772,515.613037,515.797241,515.981445,516.165710,516.349915,516.534119,516.718323,516.902466,517.086609,517.270752,517.454895,517.639038,517.823120,518.007202,518.191284,518.375305,518.559448,518.743469,518.927490,519.111511,519.295471,519.479492,519.663452,519.847473,520.031433,520.215332,520.399292,520.583191,520.767151,520.950989,521.134888,521.318787,521.502625,521.686462,521.870300,522.054077,522.237915,522.421692,522.605469,522.789246,522.972961,523.156738,523.340454,523.524170,523.707886,523.891602,524.075317,524.258911,524.442566,524.626221,524.809875,524.993530,525.177063,525.360657,525.544250,525.727844,525.911438,526.094910,526.278442,526.461975,526.645447,526.828918,527.012451,527.195923,527.379395,527.562805,527.746216,527.929688,528.113037,528.296448,528.479858,528.663147,528.846558,529.029907,529.213257,529.396545,529.579834,529.763123,529.946411,530.129700,530.312927,530.496155,530.679443,530.862610,531.045776,531.229004,531.412170,531.595398,531.778503,531.961609,532.144775,532.327881,532.511047,532.694092,532.877136,533.060242,533.243286,533.426392,533.609375,533.792358,533.975403,534.158386,534.341370,534.524353,534.707275,534.890259,535.073120,535.256042,535.438965,535.621826,535.804749,535.987610,536.170410,536.353271,536.536133,536.718933,536.901733,537.084534,537.267334,537.450073,537.632874,537.815552,537.998291,538.181030,538.363708,538.546448,538.729065,538.911743,539.094421,539.277039,539.459656,539.642273,539.824890,540.007507,540.190063,540.372559,540.555176,540.737671,540.920227,541.102722,541.285217,541.467773,541.650208,541.832703,542.015137,542.197571,542.380005,542.562439,542.744873,542.927185,543.109558,543.291992,543.474304,543.656616,543.838989,544.021240,544.203613,544.385864,544.568115,544.750427,544.932678,545.114929,545.297119,545.479309,545.661560,545.843750,546.025940,546.208069,546.390198,546.572388,546.754517,546.936584,547.118713,547.300781,547.482910,547.664917,547.846985,548.029053,548.211060,548.393066,548.575073,548.757019,548.939026,549.120972,549.302979,549.484863,549.666809,549.848755,550.030640,550.212524,550.394409,550.576233,550.758118,550.939941,551.121765,551.303589,551.485352,551.667175,551.848938,552.030701,552.212463,552.394165,552.575928,552.757629,552.939331,553.121033,553.302673,553.484375,553.666016,553.847656,554.029297,554.210876,554.392517,554.574097,554.755615,554.937256,555.118774,555.300293,555.481812,555.663330,555.844849,556.026306,556.207764,556.389282,556.570679,556.752197,556.933594,557.114990,557.296387,557.477783,557.659180,557.840515,558.021851,558.203247,558.384521,558.565857,558.747131,558.928406,559.109741,559.290955,559.472168,559.653442,559.834656,560.015930,560.197083,560.378235,560.559448,560.740601,560.921814,561.102905,561.283997,561.465149,561.646240,561.827332,562.008423,562.189453,562.370544,562.551514,562.732605,562.913574,563.094543,563.275574,563.456543,563.637451,563.818481,563.999390,564.180298,564.361206,564.542114,564.723022,564.903870,565.084778,565.265564,565.446411,565.627258,565.808044,565.988892,566.169617,566.350403,566.531189,566.711914,566.892700,567.073364,567.254089,567.434814,567.615479,567.796143,567.976807,568.157471,568.338135,568.518738,568.699280,568.879944,569.060486,569.241089,569.421631,569.602173,569.782715,569.963257,570.143799,570.324280,570.504700,570.685242,570.865662,571.046143,571.226563,571.406982,571.587402,571.767761,571.948120,572.128540,572.308899,572.489258,572.669617,572.849915,573.030212,573.210510,573.390808,573.571106,573.751343,573.931580,574.111816,574.292053,574.472229,574.652405,574.832642,575.012817,575.192993,575.373108,575.553223,575.733398,575.913452,576.093567,576.273682,576.453735,576.633789,576.813843,576.993835,577.173889,577.353882,577.533936,577.713867,577.893860,578.073853,578.253723,578.433716,578.613647,578.793518,578.973450,579.153320,579.333191,579.513062,579.692871,579.872742,580.052551,580.232300,580.412170,580.591919,580.771729,580.951477,581.131165,581.310974,581.490662,581.670410,581.850037,582.029724,582.209412,582.389038,582.568726,582.748352,582.927979,583.107605,583.287170,583.466797,583.646362,583.825867,584.005432,584.184937,584.364441,584.544006,584.723450,584.903015,585.082458,585.261902,585.441345,585.620789,585.800232,585.979614,586.158997,586.338379,586.517761,586.697144,586.876465,587.055786,587.235107,587.414429,587.593689,587.773010,587.952271,588.131531,588.310791,588.489990,588.669250,588.848389,589.027649,589.206787,589.385925,589.565125,589.744263,589.923462,590.102539,590.281616,590.460754,590.639832,590.818909,590.997925,591.176941,591.356018,591.535034,591.713989,591.893066,592.072021,592.251038,592.429932,592.608887,592.787842,592.966736,593.145691,593.324524,593.503418,593.682312,593.861145,594.040039,594.218811,594.397644,594.576477,594.755249,594.934082,595.112793,595.291504,595.470337,595.649048,595.827698,596.006470,596.185120,596.363831,596.542480,596.721130,596.899780,597.078430,597.257080,597.435669,597.614197,597.792847,597.971375,598.149963,598.328491,598.507019,598.685547,598.864014,599.042542,599.221008,599.399475,599.577942,599.756409,599.934814,600.113220,600.291626,600.470032,600.648438,600.826782,601.005127,601.183472,601.361816,601.540161,601.718384,601.896729,602.075012,602.253296,602.431519,602.609741,602.788025,602.966187,603.144470,603.322632,603.500793,603.679016,603.857117,604.035217,604.213379,604.391479,604.569641,604.747681,604.925781,605.103882,605.281921,605.459961,605.638000,605.815979,605.994019,606.171997,606.349976,606.527954,606.705872,606.883850,607.061768,607.239746,607.417603,607.595459,607.773376,607.951233,608.129028,608.306946,608.484741,608.662598,608.840393,609.018127,609.195984,609.373718,609.551514,609.729187,609.906921,610.084656,610.262329,610.440063,610.617737,610.795349,610.973083,611.150696,611.328369,611.505920,611.683533,611.861145,612.038696,612.216248,612.393860,612.571350,612.748901,612.926392,613.103882,613.281433,613.458862,613.636353,613.813782,613.991211,614.168701,614.346069,614.523499,614.700867,614.878235,615.055664,615.232971,615.410339,615.587646,615.764954,615.942322,616.119568,616.296814,616.474121
pdY=133.399994,188.600006,163.300003,82.800003,144.899994,167.899994,128.800003,167.899994,177.100006,112.699997,128.800003,177.100006,117.300003,181.699997,170.199997,128.800003,135.699997,186.300003,135.699997,156.399994,193.199997,142.600006,135.699997,170.199997,266.799988,144.899994,195.500000,140.300003,117.300003,147.199997,172.500000,138.000000,193.199997,142.600006,135.699997,165.600006,158.699997,154.100006,149.500000,154.100006,193.199997,133.399994,161.000000,119.599998,108.099998,184.000000,161.000000,131.100006,121.900002,140.300003,115.000000,131.100006,181.699997,126.500000,140.300003,98.900002,135.699997,147.199997,151.800003,124.199997,103.500000,101.199997,165.600006,117.300003,158.699997,135.699997,135.699997,163.300003,170.199997,96.599998,167.899994,170.199997,128.800003,110.400002,163.300003,151.800003,147.199997,184.000000,135.699997,117.300003,278.299988,190.899994,105.800003,156.399994,103.500000,121.900002,154.100006,165.600006,133.399994,156.399994,149.500000,101.199997,112.699997,184.000000,138.000000,158.699997,220.800003,124.199997,124.199997,144.899994,177.100006,138.000000,115.000000,147.199997,115.000000,128.800003,200.100006,170.199997,101.199997,167.899994,124.199997,124.199997,158.699997,115.000000,103.500000,163.300003,172.500000,110.400002,200.100006,144.899994,98.900002,138.000000,165.600006,126.500000,126.500000,156.399994,138.000000,144.899994,133.399994,124.199997,140.300003,110.400002,144.899994,140.300003,151.800003,121.900002,133.399994,128.800003,170.199997,112.699997,117.300003,165.600006,140.300003,140.300003,165.600006,89.699997,119.599998,165.600006,135.699997,124.199997,184.000000,119.599998,126.500000,138.000000,174.800003,112.699997,140.300003,161.000000,140.300003,163.300003,200.100006,85.099998,94.300003,119.599998,138.000000,154.100006,188.600006,138.000000,119.599998,119.599998,108.099998,124.199997,181.699997,121.900002,103.500000,165.600006,138.000000,135.699997,138.000000,156.399994,138.000000,80.500000,101.199997,133.399994,115.000000,140.300003,73.599998,135.699997,101.199997,161.000000,85.099998,142.600006,165.600006,117.300003,158.699997,190.899994,85.099998,98.900002,161.000000,124.199997,85.099998,138.000000,167.899994,105.800003,124.199997,115.000000,98.900002,147.199997,174.800003,103.500000,167.899994,121.900002,147.199997,151.800003,124.199997,124.199997,112.699997,138.000000,140.300003,62.099998,121.900002,170.199997,101.199997,105.800003,165.600006,101.199997,170.199997,165.600006,124.199997,117.300003,140.300003,66.699997,117.300003,140.300003,142.600006,119.599998,124.199997,101.199997,149.500000,138.000000,135.699997,121.900002,121.900002,158.699997,135.699997,200.100006,156.399994,105.800003,138.000000,115.000000,110.400002,124.199997,133.399994,165.600006,82.800003,87.400002,142.600006,135.699997,140.300003,163.300003,131.100006,110.400002,179.399994,87.400002,149.500000,149.500000,110.400002,133.399994,156.399994,98.900002,135.699997,179.399994,115.000000,73.599998,193.199997,128.800003,154.100006,177.100006,131.100006,105.800003,105.800003,156.399994,126.500000,110.400002,121.900002,115.000000,142.600006,115.000000,128.800003,71.300003,161.000000,131.100006,108.099998,128.800003,140.300003,96.599998,108.099998,163.300003,117.300003,115.000000,174.800003,105.800003,101.199997,184.000000,142.600006,133.399994,117.300003,89.699997,126.500000,165.600006,126.500000,110.400002,138.000000,103.500000,147.199997,167.899994,124.199997,124.199997,138.000000,121.900002,128.800003,135.699997,115.000000,135.699997,117.300003,151.800003,121.900002,124.199997,181.699997,154.100006,82.800003,126.500000,167.899994,96.599998,151.800003,121.900002,126.500000,181.699997,121.900002,128.800003,131.100006,105.800003,135.699997,87.400002,163.300003,103.500000,131.100006,133.399994,133.399994,89.699997,133.399994,161.000000,105.800003,69.000000,138.000000,92.000000,96.599998,112.699997,156.399994,112.699997,135.699997,128.800003,158.699997,158.699997,110.400002,101.199997,96.599998,144.899994,138.000000,121.900002,140.300003,151.800003,75.900002,149.500000,94.300003,96.599998,158.699997,128.800003,119.599998,133.399994,108.099998,96.599998,149.500000,112.699997,36.799999,147.199997,133.399994,66.699997,124.199997,147.199997,112.699997,89.699997,144.899994,117.300003,121.900002,195.500000,133.399994,103.500000,144.899994,138.000000,112.699997,144.899994,179.399994,98.900002,85.099998,179.399994,119.599998,177.100006,190.899994,121.900002,87.400002,108.099998,115.000000,80.500000,179.399994,121.900002,112.699997,151.800003,149.500000,105.800003,174.800003,121.900002,98.900002,121.900002,144.899994,135.699997,177.100006,112.699997,78.199997,161.000000,151.800003,112.699997,117.300003,98.900002,94.300003,124.199997,124.199997,115.000000,135.699997,138.000000,156.399994,133.399994,101.199997,112.699997,126.500000,151.800003,163.300003,124.199997,59.799999,138.000000,184.000000,144.899994,121.900002,131.100006,108.099998,117.300003,151.800003,64.400002,135.699997,121.900002,66.699997,138.000000,161.000000,87.400002,115.000000,108.099998,135.699997,89.699997,165.600006,117.300003,124.199997,147.199997,105.800003,147.199997,147.199997,121.900002,142.600006,124.199997,94.300003,110.400002,133.399994,144.899994,87.400002,82.800003,156.399994,138.000000,75.900002,147.199997,98.900002,78.199997,154.100006,151.800003,92.000000,135.699997,98.900002,92.000000,131.100006,128.800003,119.599998,131.100006,124.199997,103.500000,121.900002,142.600006,98.900002,124.199997,126.500000,108.099998,147.199997,115.000000,133.399994,135.699997,92.000000,119.599998,161.000000,94.300003,121.900002,131.100006,105.800003,126.500000,163.300003,80.500000,158.699997,131.100006,110.400002,135.699997,167.899994,94.300003,96.599998,140.300003,89.699997,165.600006,179.399994,119.599998,82.800003,167.899994,112.699997,115.000000,126.500000,133.399994,124.199997,119.599998,156.399994,121.900002,85.099998,135.699997,89.699997,119.599998,177.100006,112.699997,92.000000,92.000000,151.800003,140.300003,140.300003,112.699997,85.099998,158.699997,144.899994,117.300003,140.300003,163.300003,108.099998,135.699997,121.900002,101.199997,149.500000,179.399994,108.099998,133.399994,126.500000,124.199997,140.300003,158.699997,126.500000,126.500000,105.800003,140.300003,108.099998,110.400002,140.300003,121.900002,101.199997,177.100006,108.099998,89.699997,154.100006,126.500000,135.699997,163.300003,133.399994,87.400002,121.900002,163.300003,151.800003,128.800003,112.699997,89.699997,124.199997,149.500000,73.599998,92.000000,142.600006,138.000000,128.800003,202.399994,78.199997,133.399994,161.000000,138.000000,140.300003,184.000000,133.399994,140.300003,135.699997,170.199997,117.300003,184.000000,126.500000,227.699997,110.400002,115.000000,135.699997,156.399994,193.199997,126.500000,105.800003,138.000000,167.899994,170.199997,186.300003,181.699997,213.899994,190.899994,207.000000,184.000000,181.699997,243.800003,195.500000,188.600006,225.399994,211.600006,181.699997,213.899994,167.899994,186.300003,167.899994,167.899994,161.000000,154.100006,181.699997,133.399994,117.300003,163.300003,101.199997,110.400002,138.000000,133.399994,103.500000,149.500000,151.800003,108.099998,156.399994,147.199997,105.800003,92.000000,158.699997,98.900002,133.399994,154.100006,105.800003,89.699997,128.800003,98.900002,135.699997,163.300003,138.000000,128.800003,181.699997,147.199997,101.199997,181.699997,161.000000,94.300003,131.100006,149.500000,108.099998,149.500000,158.699997,131.100006,144.899994,161.000000,158.699997,147.199997,167.899994,108.099998,101.199997,110.400002,172.500000,161.000000,149.500000,119.599998,96.599998,115.000000,193.199997,121.900002,131.100006,144.899994,110.400002,126.500000,158.699997,124.199997,163.300003,158.699997,115.000000,124.199997,167.899994,179.399994,103.500000,133.399994,140.300003,124.199997,126.500000,128.800003,142.600006,200.100006,154.100006,149.500000,133.399994,142.600006,135.699997,110.400002,154.100006,135.699997,92.000000,147.199997,140.300003,133.399994,172.500000,172.500000,144.899994,131.100006,167.899994,144.899994,115.000000,156.399994,105.800003,131.100006,144.899994,140.300003,103.500000,177.100006,140.300003,115.000000,151.800003,161.000000,105.800003,165.600006,151.800003,115.000000,135.699997,124.199997,179.399994,163.300003,172.500000,140.300003,133.399994,167.899994,193.199997,110.400002,188.600006,156.399994,121.900002,163.300003,193.199997,142.600006,184.000000,161.000000,117.300003,144.899994,151.800003,167.899994,154.100006,200.100006,128.800003,124.199997,154.100006,172.500000,170.199997,165.600006,133.399994,128.800003,156.399994,161.000000,151.800003,172.500000,172.500000,131.100006,161.000000,158.699997,170.199997,163.300003,144.899994,179.399994,131.100006,138.000000,163.300003,172.500000,87.400002,167.899994,216.199997,128.800003,163.300003,161.000000,124.199997,174.800003,147.199997,250.699997,188.600006,154.100006,138.000000,156.399994,163.300003,204.699997,179.399994,184.000000,144.899994,186.300003,142.600006,154.100006,179.399994,184.000000,131.100006,170.199997,151.800003,179.399994,151.800003,193.199997,172.500000,165.600006,186.300003,156.399994,161.000000,184.000000,216.199997,151.800003,177.100006,184.000000,138.000000,177.100006,115.000000,186.300003,144.899994,227.699997,172.500000,177.100006,177.100006,179.399994,167.899994,207.000000,204.699997,133.399994,236.899994,218.500000,156.399994,204.699997,195.500000,188.600006,177.100006,220.800003,177.100006,167.899994,225.399994,156.399994,163.300003,190.899994,200.100006,140.300003,227.699997,144.899994,177.100006,172.500000,218.500000,179.399994,197.800003,207.000000,223.100006,181.699997,218.500000,230.000000,172.500000,213.899994,190.899994,188.600006,241.500000,248.399994,163.300003,213.899994,197.800003,181.699997,218.500000,216.199997,223.100006,204.699997,211.600006,223.100006,190.899994,188.600006,202.399994,188.600006,223.100006,213.899994,264.500000,204.699997,232.300003,200.100006,246.100006,236.899994,204.699997,211.600006,259.899994,255.300003,207.000000,239.199997,213.899994,190.899994,218.500000,262.200012,188.600006,257.600006,236.899994,207.000000,271.399994,243.800003,216.199997,246.100006,248.399994,236.899994,257.600006,289.799988,241.500000,264.500000,269.100006,257.600006,220.800003,253.000000,266.799988,216.199997,239.199997,278.299988,216.199997,250.699997,264.500000,250.699997,299.000000,230.000000,273.700012,278.299988,342.700012,253.000000,250.699997,289.799988,243.800003,289.799988,303.600006,324.299988,230.000000,322.000000,271.399994,276.000000,305.899994,315.100006,269.100006,317.399994,299.000000,303.600006,305.899994,338.100006,305.899994,299.000000,324.299988,289.799988,294.399994,326.600006,276.000000,257.600006,292.100006,354.200012,282.899994,340.399994,276.000000,319.700012,292.100006,335.799988,391.000000,303.600006,315.100006,303.600006,276.000000,372.600006,287.500000,351.899994,397.899994,354.200012,338.100006,342.700012,372.600006,319.700012,335.799988,361.100006,342.700012,425.500000,374.899994,345.000000,322.000000,381.799988,365.700012,370.299988,384.100006,370.299988,358.799988,351.899994,427.799988,434.700012,395.600006,368.000000,361.100006,430.100006,487.600006,409.399994,384.100006,414.000000,439.299988,379.500000,411.700012,409.399994,395.600006,441.600006,437.000000,388.700012,432.399994,423.200012,397.899994,448.500000,453.100006,425.500000,402.500000,441.600006,437.000000,471.500000,499.100006,464.600006,427.799988,462.299988,434.700012,476.100006,430.100006,473.799988,457.700012,453.100006,480.700012,483.000000,455.399994,487.600006,466.899994,457.700012,506.000000,420.899994,499.100006,508.299988,515.200012,455.399994,584.200012,535.900024,494.500000,549.700012,533.599976,565.799988,540.500000,542.799988,455.399994,473.799988,545.099976,506.000000,519.799988,586.500000,531.299988,538.200012,588.799988,561.200012,565.799988,570.400024,653.200012,547.400024,558.900024,641.700012,554.299988,549.700012,657.799988,568.099976,625.599976,657.799988,581.900024,581.900024,607.200012,625.599976,558.900024,660.099976,634.799988,593.400024,607.200012,655.500000,607.200012,662.400024,664.700012,607.200012,657.799988,696.900024,683.099976,618.700012,690.000000,696.900024,696.900024,701.500000,699.200012,671.599976,729.099976,706.099976,759.000000,749.799988,708.400024,719.900024,765.900024,717.599976,708.400024,713.000000,777.400024,752.099976,710.700012,752.099976,703.799988,706.099976,818.799988,832.599976,738.299988,805.000000,793.500000,788.900024,837.200012,814.200012,768.200012,802.700012,828.000000,786.599976,864.799988,874.000000,779.700012,846.400024,874.000000,890.099976,828.000000,899.299988,874.000000,839.500000,876.299988,940.700012,880.900024,890.099976,876.299988,903.900024,924.599976,940.700012,805.000000,915.400024,989.000000,926.900024,961.400024,989.000000,931.500000,920.000000,977.500000,1028.099976,952.200012,977.500000,1032.699951,922.299988,991.299988,1023.500000,1005.099976,1005.099976,1002.799988,1005.099976,1021.200012,1053.400024,1002.799988,1023.500000,1060.300049,1053.400024,1051.099976,1067.199951,1041.900024,1055.699951,1067.199951,1129.300049,1090.199951,1087.900024,1124.699951,1127.000000,1129.300049,1136.199951,1122.400024,1145.400024,1152.300049,1163.800049,1120.099976,1147.699951,1202.900024,1150.000000,1175.300049,1207.500000,1191.400024,1239.699951,1221.300049,1177.599976,1209.800049,1253.500000,1258.099976,1244.300049,1271.900024,1230.500000,1301.800049,1290.300049,1320.199951,1299.500000,1308.699951,1278.800049,1267.300049,1294.900024,1331.699951,1313.300049,1299.500000,1377.699951,1366.199951,1423.699951,1363.900024,1366.199951,1354.699951,1373.099976,1421.400024,1419.099976,1437.500000,1391.500000,1405.300049,1483.500000,1453.599976,1483.500000,1474.300049,1467.400024,1465.099976,1483.500000,1605.400024,1511.099976,1476.599976,1534.099976,1511.099976,1499.599976,1596.199951,1543.300049,1515.699951,1584.699951,1531.800049,1529.500000,1577.800049,1552.500000,1538.699951,1568.599976,1623.800049,1589.300049,1616.900024,1614.599976,1566.300049,1593.900024,1619.199951,1662.900024,1587.000000,1651.400024,1637.599976,1623.800049,1667.500000,1676.699951,1736.500000,1683.599976,1771.000000,1658.300049,1699.699951,1729.599976,1669.800049,1722.699951,1750.300049,1759.500000,1690.500000,1812.400024,1738.800049,1729.599976,1789.400024,1736.500000,1780.199951,1805.500000,1856.099976,1761.800049,1828.500000,1741.099976,1830.800049,1888.300049,1867.599976,1833.099976,1920.500000,1913.599976,1867.599976,1918.199951,1945.800049,1929.699951,1858.400024,1948.099976,1863.000000,1973.400024,1915.900024,2010.199951,1936.599976,2017.099976,1959.599976,2037.800049,1968.800049,2049.300049,1941.199951,2024.000000,2028.599976,2051.600098,2040.099976,2113.699951,2047.000000,2106.800049,2139.000000,2109.100098,2097.600098,2120.600098,2164.300049,2099.899902,2127.500000,2187.300049,2106.800049,2122.899902,2191.899902,2203.399902,2143.600098,2249.399902,2175.800049,2145.899902,2295.399902,2277.000000,2256.300049,2267.800049,2272.399902,2277.000000,2235.600098,2318.399902,2306.899902,2366.699951,2341.399902,2311.500000,2350.600098,2375.899902,2323.000000,2387.399902,2396.600098,2357.500000,2371.300049,2454.100098,2428.800049,2461.000000,2424.199951,2431.100098,2426.500000,2490.899902,2518.500000,2507.000000,2532.300049,2511.600098,2447.199951,2541.500000,2543.800049,2603.600098,2587.500000,2624.300049,2610.500000,2576.000000,2578.300049,2640.399902,2640.399902,2645.000000,2688.699951,2725.500000,2668.000000,2670.300049,2674.899902,2677.199951,2803.699951,2711.699951,2780.699951,2831.300049,2730.100098,2817.500000,2806.000000,2796.800049,2845.100098,2849.699951,2858.899902,2849.699951,2950.899902,2900.300049,2895.699951,2941.699951,2957.800049,2953.199951,2962.399902,2996.899902,3006.100098,2969.300049,3003.800049,3056.699951,3042.899902,3042.899902,3107.300049,3075.100098,3077.399902,3176.300049,3132.600098,3151.000000,3167.100098,3132.600098,3194.699951,3295.899902,3169.399902,3224.600098,3307.399902,3254.500000,3275.199951,3316.600098,3272.899902,3272.899902,3328.100098,3316.600098,3295.899902,3376.399902,3415.500000,3360.300049,3415.500000,3479.899902,3420.100098,3443.100098,3452.300049,3452.300049,3523.600098,3544.300049,3530.500000,3486.800049,3576.500000,3640.899902,3574.199951,3661.600098,3680.000000,3647.800049,3636.300049,3693.800049,3680.000000,3682.300049,3765.100098,3721.399902,3739.800049,3852.500000,3790.399902,3801.899902,3854.800049,3859.399902,3887.000000,3933.000000,3921.500000,3854.800049,3930.699951,4011.199951,3974.399902,4066.399902,3983.600098,4022.699951,4031.899902,4144.600098,4050.300049,4066.399902,4153.799805,4153.799805,4181.399902,4183.700195,4232.000000,4229.700195,4160.700195,4287.200195,4261.899902,4303.299805,4326.299805,4321.700195,4356.200195,4409.100098,4395.299805,4427.500000,4406.799805,4411.399902,4434.399902,4517.200195,4524.100098,4517.200195,4572.399902,4554.000000,4524.100098,4590.799805,4623.000000,4537.899902,4664.399902,4710.399902,4632.200195,4703.500000,4749.500000,4648.299805,4786.299805,4770.200195,4763.299805,4809.299805,4749.500000,4882.899902,4836.899902,4839.200195,4979.500000,4963.399902,5007.100098,5002.500000,4981.799805,5025.500000,5057.700195,5064.600098,5073.799805,5115.200195,5154.299805,5117.500000,5152.000000,5163.500000,5216.399902,5329.100098,5292.299805,5290.000000,5303.799805,5336.000000,5372.799805,5414.200195,5338.299805,5375.100098,5467.100098,5476.299805,5469.399902,5561.399902,5469.399902,5474.000000,5635.000000,5510.799805,5605.100098,5713.200195,5683.299805,5674.100098,5685.600098,5768.399902,5759.200195,5770.700195,5848.899902,5773.000000,5862.700195,5917.899902,5904.100098,5892.600098,6007.600098,5917.899902,5970.799805,5970.799805,6028.299805,6016.799805,6101.899902,6122.600098,6150.200195,6085.799805,6159.399902,6157.100098,6214.600098,6221.500000,6297.399902,6281.299805,6311.200195,6311.200195,6288.200195,6391.700195,6412.399902,6407.799805,6476.799805,6442.299805,6449.200195,6525.100098,6541.200195,6628.600098,6605.600098,6621.700195,6681.500000,6693.000000,6704.500000,6718.299805,6674.600098,6748.200195,6773.500000,6782.700195,6814.899902,6904.600098,6904.600098,6851.700195,6902.299805,6941.399902,7024.200195,6987.399902,6959.799805,7024.200195,7107.000000,7100.100098,7155.299805,7150.700195,7178.299805,7173.700195,7293.299805,7245.000000,7155.299805,7332.399902,7360.000000,7297.899902,7406.000000,7353.100098,7412.899902,7472.700195,7514.100098,7567.000000,7569.299805,7537.100098,7606.100098,7596.899902,7578.500000,7622.200195,7636.000000,7647.500000,7721.100098,7774.000000,7741.799805,7863.700195,7866.000000,7787.799805,7889.000000,7861.399902,7877.500000,7955.700195,8010.899902,8040.799805,8098.299805,8033.899902,8050.000000,8112.100098,8153.500000,8199.500000,8220.200195,8169.600098,8236.299805,8194.900391,8344.400391,8395.000000,8303.000000,8454.799805,8362.799805,8434.099609,8397.299805,8493.900391,8496.200195,8516.900391,8461.700195,8682.500000,8657.200195,8696.299805,8673.299805,8721.599609,8698.599609,8744.599609,8781.400391,8763.000000,8917.099609,8871.099609,8942.400391,8871.099609,8917.099609,8986.099609,9006.799805,9050.500000,9110.299805,9105.700195,9082.700195,9213.799805,9223.000000,9266.700195,9285.099609,9298.900391,9303.500000,9338.000000,9347.200195,9390.900391,9365.599609,9492.099609,9395.500000,9436.900391,9503.599609,9464.500000,9581.799805,9602.500000,9620.900391,9680.700195,9841.700195,9710.599609,9784.200195,9818.700195,9947.500000,9768.099609,9862.400391,9853.200195,9988.900391,10074.000000,9949.799805,10156.799805,10060.200195,10156.799805,10175.200195,10179.799805,10248.799805,10191.299805,10177.500000,10113.099609,10299.400391,10345.400391,10320.099609,10389.099609,10430.500000,10508.700195,10524.799805,10517.900391,10573.099609,10584.599609,10637.500000,10655.900391,10632.900391,10720.299805,10791.599609,10793.900391,10798.500000,10888.200195,10918.099609,10920.400391,10971.000000,10888.200195,11049.200195,11014.700195,11074.500000,11083.700195,11267.700195,11076.799805,11184.900391,11244.700195,11237.799805,11368.900391,11237.799805,11329.799805,11486.200195,11486.200195,11573.599609,11490.799805,11509.200195,11559.799805,11573.599609,11541.400391,11654.099609,11610.400391,11824.299805,11624.200195,11815.099609,11838.099609,11925.500000,11842.700195,11851.900391,12047.400391,12054.299805,11953.099609,12091.099609,12072.700195,12127.900391,12298.099609,12203.799805,12111.799805,12240.599609,12254.400391,12367.099609,12302.700195,12376.299805,12475.200195,12477.500000,12369.400391,12509.700195,12521.200195,12613.200195,12548.799805,12535.000000,12654.599609,12696.000000,12633.900391,12645.400391,12811.000000,12721.299805,12762.700195,12875.400391,12891.500000,12870.799805,12969.700195,12916.799805,13091.599609,13073.200195,12985.799805,13011.099609,13188.200195,13174.400391,13179.000000,13172.099609,13254.900391,13208.900391,13231.900391,13466.500000,13374.500000,13344.599609,13358.400391,13443.500000,13484.900391,13604.500000,13521.700195,13632.099609,13604.500000,13641.299805,13662.000000,13779.299805,13871.299805,13809.200195,13855.200195,13823.000000,13965.599609,13908.099609,13915.000000,13944.900391,13926.500000,14073.700195,14115.099609,14027.700195,14193.299805,14156.500000,14250.799805,14227.799805,14324.400391,14310.599609,14338.200195,14335.900391,14333.599609,14427.900391,14476.200195,14446.299805,14480.799805,14536.000000,14503.799805,14621.099609,14632.599609,14586.599609,14657.900391,14740.700195,14733.799805,14779.799805,14901.700195,14899.400391,14860.299805,15088.000000,15014.400391,14963.799805,14945.400391,15081.099609,15170.799805,15136.299805,15163.900391,15000.599609,15209.900391,15262.799805,15297.299805,15219.099609,15575.599609,15375.500000,15439.900391,15637.700195,15462.900391,15506.599609,15626.200195,15706.700195,15688.299805,15750.400391,15810.200195,15782.599609,15766.500000,15856.200195,15916.000000,15867.700195,16141.400391,16077.000000,16134.500000,16088.500000,16134.500000,16194.299805,16244.900391,16228.799805,16401.300781,16385.199219,16343.799805,16389.800781,16461.099609,16520.900391,16566.900391,16500.199219,16619.800781,16601.400391,16746.300781,16663.500000,16668.099609,16741.699219,16801.500000,16663.500000,16833.699219,16974.000000,16987.800781,16905.000000,17029.199219,16971.699219,16960.199219,17187.900391,17213.199219,17240.800781,17155.699219,17240.800781,17374.199219,17365.000000,17413.300781,17240.800781,17376.500000,17498.400391,17597.300781,17457.000000,17507.599609,17447.800781,17618.000000,17507.599609,17489.199219,17611.099609,17650.199219,17641.000000,17829.599609,17730.699219,17756.000000,17758.300781,17753.699219,17705.400391,17739.900391,17831.900391,17900.900391,17914.699219,17887.099609,17949.199219,18004.400391,17749.099609,17981.400391,17997.500000,17983.699219,18080.300781,18128.599609,18172.300781,18052.699219,18098.699219,18121.699219,18285.000000,18266.599609,18326.400391,18356.300781,18328.699219,18584.000000,18386.199219,18646.099609,18487.400391,18519.599609,18427.599609,18567.900391,18623.099609,18584.000000,18554.099609,18682.900391,18676.000000,18802.500000,18825.500000,18733.500000,18777.199219,18728.900391,18860.000000,18947.400391,18917.500000,18827.800781,19046.300781,19078.500000,18889.900391,19069.300781,19087.699219,18979.599609,19071.599609,19211.900391,19122.199219,19106.099609,19034.800781,19117.599609,19115.300781,19149.800781,19329.199219,19361.400391,19386.699219,19508.599609

