strScanMode = 
strWave = 
powervalue = 
pinhole = 0
grating = 
slit = 0
ExpTime = 
unit = nm
strCenterWave = 
strStartWave = 
strEndWave = 
totalnum = 1
strInterFlg = 
strIntervaltime = 
intervalnum = 0
haveTitle = true
dataFrom = 0
laserWaveLength = 532.2
pdX = 227.782074,227.984955,228.187805,228.390671,228.593491,228.796326,228.999146,229.201935,229.404724,229.607483,229.810257,230.013000,230.215744,230.418457,230.621170,230.823868,231.026550,231.229233,231.431885,231.634537,231.837158,232.039795,232.242416,232.444992,232.647583,232.850159,233.052719,233.255264,233.457809,233.660309,233.862839,234.065338,234.267807,234.470291,234.672745,234.875198,235.077621,235.280060,235.482468,235.684860,235.887253,236.089615,236.291977,236.494324,236.696655,236.898987,237.101288,237.303589,237.505875,237.708145,237.910400,238.112656,238.314880,238.517105,238.719330,238.921509,239.123703,239.325867,239.528030,239.730164,239.932312,240.134445,240.336533,240.538651,240.740723,240.942795,241.144852,241.346893,241.548935,241.750961,241.952972,242.154953,242.356949,242.558914,242.760880,242.962814,243.164749,243.366684,243.568588,243.770493,243.972366,244.174240,244.376083,244.577942,244.779785,244.981598,245.183411,245.385193,245.586990,245.788742,245.990509,246.192245,246.393997,246.595718,246.797424,246.999115,247.200790,247.402466,247.604126,247.805771,248.007416,248.209030,248.410645,248.612228,248.813812,249.015381,249.216949,249.418503,249.620026,249.821548,250.023041,250.224548,250.426025,250.627502,250.828949,251.030396,251.231842,251.433258,251.634659,251.836044,252.037445,252.238800,252.440170,252.641510,252.842834,253.044174,253.245468,253.446762,253.648041,253.849319,254.050583,254.251816,254.453064,254.654266,254.855484,255.056671,255.257858,255.459015,255.660187,255.861328,256.062469,256.263580,256.464691,256.665771,256.866882,257.067902,257.268982,257.470032,257.671082,257.872101,258.073090,258.274078,258.475067,258.676056,258.877014,259.077911,259.278870,259.479797,259.680695,259.881561,260.082458,260.283325,260.484192,260.685059,260.885864,261.086670,261.287506,261.488281,261.689056,261.889832,262.090576,262.291351,262.492065,262.692780,262.893494,263.094177,263.294861,263.495544,263.696167,263.896820,264.097473,264.298096,264.498688,264.699280,264.899872,265.100433,265.300995,265.501526,265.702057,265.902588,266.103088,266.303558,266.504059,266.704529,266.904999,267.105438,267.305847,267.506256,267.706665,267.907074,268.107452,268.307800,268.508179,268.708527,268.908844,269.109161,269.309448,269.509766,269.710052,269.910309,270.110565,270.310791,270.511047,270.711273,270.911438,271.111633,271.311829,271.511993,271.712158,271.912292,272.112427,272.312531,272.512665,272.712738,272.912811,273.112885,273.312958,273.513000,273.713013,273.913025,274.113037,274.313019,274.513031,274.712952,274.912933,275.112885,275.312805,275.512695,275.712616,275.912506,276.112396,276.312256,276.512085,276.711945,276.911774,277.111603,277.311371,277.511169,277.710968,277.910736,278.110504,278.310211,278.509949,278.709686,278.909393,279.109100,279.308746,279.508423,279.708069,279.907715,280.107330,280.306946,280.506561,280.706146,280.905731,281.105286,281.304840,281.504395,281.703918,281.903412,282.102936,282.302429,282.501923,282.701385,282.900818,283.100250,283.299683,283.499115,283.698517,283.897888,284.097290,284.296661,284.496002,284.695313,284.894653,285.093994,285.293304,285.492584,285.691833,285.891113,286.090363,286.289612,286.488831,286.688049,286.887268,287.086456,287.285645,287.484772,287.683929,287.883087,288.082214,288.281342,288.480408,288.679504,288.878601,289.077667,289.276703,289.475739,289.674774,289.873810,290.072815,290.271759,290.470764,290.669739,290.868683,291.067596,291.266541,291.465454,291.664368,291.863251,292.062103,292.260986,292.459839,292.658691,292.857513,293.056305,293.255127,293.453918,293.652710,293.851440,294.050201,294.248932,294.447693,294.646393,294.845062,295.043762,295.242462,295.441132,295.639740,295.838409,296.037018,296.235657,296.434265,296.632813,296.831421,297.029968,297.228546,297.427063,297.625580,297.824097,298.022614,298.221100,298.419556,298.618042,298.816498,299.014923,299.213379,299.411743,299.610168,299.808563,300.006927,300.205292,300.403625,300.601990,300.800323,300.998627,301.196899,301.395203,301.593475,301.791748,301.989990,302.188232,302.386444,302.584686,302.782898,302.981049,303.179230,303.377411,303.575562,303.773712,303.971802,304.169922,304.368042,304.566132,304.764160,304.962250,305.160309,305.358337,305.556366,305.754364,305.952362,306.150360,306.348358,306.546295,306.744232,306.942200,307.140106,307.338043,307.535919,307.733795,307.931671,308.129547,308.327423,308.525238,308.723053,308.920868,309.118683,309.316437,309.514221,309.712006,309.909760,310.107483,310.305206,310.502899,310.700623,310.898315,311.095947,311.293640,311.491272,311.688934,311.886566,312.084137,312.281738,312.479340,312.676910,312.874481,313.072021,313.269562,313.467102,313.664612,313.862091,314.059570,314.257050,314.454529,314.651978,314.849396,315.046814,315.244232,315.441650,315.639008,315.836395,316.033752,316.231110,316.428467,316.625763,316.823059,317.020386,317.217682,317.414948,317.612183,317.809448,318.006683,318.203918,318.401093,318.598297,318.795502,318.992676,319.189850,319.386963,319.584106,319.781250,319.978363,320.175415,320.372528,320.569611,320.766663,320.963715,321.160736,321.357758,321.554779,321.751770,321.948730,322.145721,322.342682,322.539642,322.736572,322.933472,323.130402,323.327301,323.524200,323.721069,323.917908,324.114777,324.311615,324.508423,324.705231,324.902039,325.098816,325.295593,325.492371,325.689087,325.885834,326.082550,326.279266,326.475952,326.672638,326.869324,327.065979,327.262634,327.459229,327.655884,327.852478,328.049103,328.245667,328.442230,328.638794,328.835358,329.031891,329.228394,329.424896,329.621399,329.817902,330.014374,330.210815,330.407257,330.603699,330.800140,330.996521,331.192932,331.389313,331.585693,331.782043,331.978363,332.174713,332.371033,332.567352,332.763672,332.959930,333.156189,333.352448,333.548706,333.744934,333.941162,334.137360,334.333557,334.529755,334.725891,334.922058,335.118225,335.314362,335.510468,335.706573,335.902679,336.098755,336.294830,336.490875,336.686920,336.882965,337.079010,337.275024,337.470978,337.666962,337.862946,338.058899,338.254822,338.450775,338.646698,338.842621,339.038513,339.234375,339.430267,339.626129,339.821960,340.017792,340.213593,340.409424,340.605225,340.800995,340.996765,341.192505,341.388275,341.584015,341.779694,341.975433,342.171112,342.366821,342.562469,342.758118,342.953766,343.149414,343.345032,343.540649,343.736206,343.931793,344.127380,344.322937,344.518463,344.714020,344.909546,345.105042,345.300537,345.496002,345.691467,345.886932,346.082397,346.277802,346.473236,346.668640,346.864044,347.059418,347.254761,347.450134,347.645477,347.840820,348.036163,348.231445,348.426727,348.622009,348.817291,349.012543,349.207764,349.403015,349.598236,349.793457,349.988617,350.183807,350.378998,350.574158,350.769257,350.964417,351.159546,351.354645,351.549744,351.744812,351.939880,352.134949,352.329987,352.525024,352.720032,352.915039,353.110046,353.305023,353.499969,353.694916,353.889862,354.084808,354.279724,354.474609,354.669525,354.864410,355.059265,355.254120,355.448975,355.643799,355.838623,356.033447,356.228210,356.422974,356.617767,356.812531,357.007263,357.201965,357.396698,357.591400,357.786102,357.980774,358.175446,358.370117,358.564758,358.759399,358.953979,359.148590,359.343201,359.537781,359.732330,359.926880,360.121429,360.315979,360.510498,360.704987,360.899475,361.093964,361.288422,361.482880,361.677307,361.871735,362.066162,362.260590,362.454956,362.649323,362.843719,363.038055,363.232422,363.426727,363.621033,363.815369,364.009644,364.203918,364.398193,364.592438,364.786682,364.980927,365.175110,365.369324,365.563538,365.757721,365.951843,366.146027,366.340179,366.534302,366.728424,366.922516,367.116608,367.310699,367.504761,367.698822,367.892822,368.086884,368.280884,368.474915,368.668884,368.862854,369.056824,369.250793,369.444733,369.638641,369.832550,370.026459,370.220367,370.414215,370.608093,370.801941,370.995789,371.189636,371.383423,371.577240,371.771027,371.964813,372.158600,372.352325,372.546051,372.739807,372.933533,373.127197,373.320892,373.514587,373.708252,373.901917,374.095520,374.289154,374.482788,374.676392,374.869965,375.063538,375.257111,375.450684,375.644226,375.837738,376.031250,376.224762,376.418243,376.611725,376.805176,376.998627,377.192078,377.385529,377.578918,377.772308,377.965698,378.159088,378.352478,378.545807,378.739136,378.932465,379.125793,379.319061,379.512360,379.705658,379.898926,380.092194,380.285400,380.478638,380.671844,380.865051,381.058258,381.251404,381.444580,381.637726,381.830872,382.023987,382.217102,382.410217,382.603302,382.796387,382.989441,383.182495,383.375519,383.568573,383.761566,383.954559,384.147552,384.340546,384.533508,384.726440,384.919373,385.112305,385.305237,385.498108,385.691010,385.883881,386.076752,386.269623,386.462433,386.655273,386.848083,387.040894,387.233673,387.426422,387.619202,387.811951,388.004700,388.197418,388.390137,388.582825,388.775543,388.968201,389.160858,389.353516,389.546143,389.738770,389.931366,390.123993,390.316559,390.509155,390.701721,390.894257,391.086792,391.279327,391.471832,391.664368,391.856812,392.049286,392.241760,392.434235,392.626648,392.819061,393.011475,393.203888,393.396301,393.588623,393.781006,393.973358,394.165710,394.358002,394.550323,394.742645,394.934937,395.127197,395.319458,395.511688,395.703949,395.896179,396.088379,396.280579,396.472748,396.664948,396.857117,397.049225,397.241394,397.433502,397.625641,397.817749,398.009796,398.201874,398.393951,398.585999,398.778015,398.970032,399.162048,399.354065,399.546051,399.738007,399.929993,400.121948,400.313873,400.505798,400.697693,400.889587,401.081482,401.273376,401.465210,401.657074,401.848907,402.040741,402.232544,402.424316,402.616119,402.807892,402.999664,403.191406,403.383148,403.574860,403.766571,403.958282,404.149963,404.341644,404.533295,404.724945,404.916595,405.108185,405.299805,405.491425,405.683014,405.874542,406.066132,406.257690,406.449219,406.640747,406.832245,407.023743,407.215240,407.406708,407.598145,407.789612,407.981049,408.172485,408.363892,408.555267,408.746643,408.938019,409.129395,409.320709,409.512054,409.703400,409.894714,410.085999,410.277283,410.468567,410.659821,410.851074,411.042328,411.233521,411.424713,411.615936,411.807129,411.998260,412.189423,412.380585,412.571716,412.762848,412.953949,413.145050,413.336151,413.527222,413.718262,413.909302,414.100342,414.291382,414.482391,414.673370,414.864349,415.055328,415.246307,415.437256,415.628174,415.819092,416.010010,416.200897,416.391754,416.582642,416.773499,416.964355,417.155212,417.346008,417.536804,417.727631,417.918396,418.109161,418.299927,418.490662,418.681427,418.872131,419.062836,419.253540,419.444214,419.634888,419.825562,420.016174,420.206818,420.397461,420.588074,420.778625,420.969238,421.159790,421.350372,421.540924,421.731445,421.921967,422.112457,422.302979,422.493439,422.683899,422.874390,423.064819,423.255280,423.445648,423.636078,423.826477,424.016876,424.207245,424.397583,424.587921,424.778259,424.968597,425.158875,425.349182,425.539459,425.729736,425.920013,426.110229,426.300476,426.490692,426.680908,426.871094,427.061279,427.251434,427.441620,427.631775,427.821869,428.011993,428.202118,428.392212,428.582306,428.772339,428.962402,429.152466,429.342499,429.532501,429.722504,429.912506,430.102509,430.292480,430.482391,430.672363,430.862305,431.052216,431.242096,431.432007,431.621887,431.811768,432.001617,432.191437,432.381287,432.571106,432.760925,432.950684,433.140472,433.330261,433.520020,433.709778,433.899475,434.089203,434.278931,434.468628,434.658295,434.847961,435.037628,435.227264,435.416901,435.606506,435.796112,435.985718,436.175293,436.364868,436.554413,436.743958,436.933502,437.123016,437.312500,437.501984,437.691498,437.880951,438.070435,438.259827,438.449280,438.638702,438.828125,439.017517,439.206879,439.396240,439.585602,439.774963,439.964264,440.153595,440.342896,440.532196,440.721497,440.910736,441.100006,441.289246,441.478485,441.667664,441.856873,442.046082,442.235260,442.424438,442.613586,442.802734,442.991852,443.180969,443.370087,443.559174,443.748260,443.937317,444.126373,444.315399,444.504425,444.693451,444.882477,445.071472,445.260437,445.449402,445.638367,445.827301,446.016205,446.205139,446.394043,446.582947,446.771820,446.960693,447.149536,447.338379,447.527222,447.716034,447.904816,448.093628,448.282410,448.471191,448.659912,448.848663,449.037384,449.226135,449.414825,449.603485,449.792175,449.980865,450.169525,450.358124,450.546783,450.735382,450.924011,451.112610,451.301147,451.489716,451.678284,451.866821,452.055328,452.243866,452.432373,452.620880,452.809357,452.997803,453.186249,453.374695,453.563141,453.751556,453.939941,454.128326,454.316711,454.505096,454.693420,454.881775,455.070099,455.258423,455.446747,455.635010,455.823303,456.011566,456.199829,456.388031,456.576263,456.764496,456.952698,457.140900,457.329041,457.517212,457.705383,457.893524,458.081665,458.269745,458.457855,458.645966,458.834045,459.022095,459.210144,459.398193,459.586243,459.774261,459.962219,460.150238,460.338196,460.526184,460.714111,460.902039,461.089996,461.277924,461.465820,461.653687,461.841553,462.029449,462.217285,462.405151,462.592957,462.780762,462.968567,463.156372,463.344116,463.531891,463.719666,463.907410,464.095123,464.282837,464.470520,464.658234,464.845917,465.033539,465.221222,465.408844,465.596497,465.784119,465.971680,466.159271,466.346863,466.534424,466.721985,466.909515,467.097046,467.284546,467.472076,467.659546,467.847015,468.034485,468.221954,468.409393,468.596802,468.784210,468.971619,469.159027,469.346375,469.533722,469.721100,469.908447,470.095764,470.283051,470.470367,470.657654,470.844940,471.032227,471.219452,471.406677,471.593903,471.781128,471.968323,472.155518,472.342682,472.529846,472.717010,472.904144,473.091248,473.278381,473.465485,473.652557,473.839630,474.026703,474.213745,474.400818,474.587799,474.774811,474.961823,475.148834,475.335785,475.522736,475.709686,475.896637,476.083588,476.270477,476.457367,476.644257,476.831146,477.018005,477.204834,477.391693,477.578522,477.765350,477.952118,478.138916,478.325684,478.512451,478.699219,478.885925,479.072662,479.259369,479.446075,479.632751,479.819427,480.006104,480.192749,480.379395,480.565979,480.752594,480.939209,481.125793,481.312378,481.498932,481.685486,481.872040,482.058563,482.245056,482.431549,482.618042,482.804535,482.990997,483.177429,483.363861,483.550293,483.736694,483.923096,484.109467,484.295868,484.482208,484.668579,484.854889,485.041229,485.227539,485.413849,485.600128,485.786377,485.972656,486.158905,486.345154,486.531342,486.717560,486.903778,487.089966,487.276154,487.462280,487.648438,487.834564,488.020691,488.206787,488.392883,488.578979,488.765076,488.951141,489.137146,489.323212,489.509216,489.695251,489.881256,490.067200,490.253204,490.439148,490.625122,490.811035,490.996948,491.182861,491.368774,491.554657,491.740509,491.926392,492.112244,492.298065,492.483887,492.669678,492.855499,493.041290,493.227081,493.412811,493.598541,493.784302,493.970032,494.155701,494.341431,494.527100,494.712799,494.898438,495.084076,495.269714,495.455353,495.640961,495.826569,496.012115,496.197693,496.383270,496.568817,496.754333,496.939850,497.125366,497.310883,497.496368,497.681824,497.867279,498.052734,498.238190,498.423584,498.608978,498.794403,498.979797,499.165161,499.350494,499.535858,499.721191,499.906494,500.091827,500.277100,500.462433,500.647675,500.832916,501.018188,501.203400,501.388672,501.573853,501.759003,501.944244,502.129395,502.314514,502.499695,502.684814,502.869965,503.055054,503.240112,503.425232,503.610291,503.795380,503.980408,504.165405,504.350464,504.535461,504.720490,504.905457,505.090393,505.275391,505.460327,505.645233,505.830170,506.015076,506.200012,506.384857,506.569702,506.754608,506.939423,507.124298,507.309082,507.493866,507.678711,507.863464,508.048279,508.233002,508.417725,508.602478,508.787201,508.971924,509.156616,509.341248,509.525970,509.710602,509.895233,510.079895,510.264496,510.449127,510.633698,510.818268,511.002869,511.187408,511.371979,511.556488,511.740997,511.925537,512.109985,512.294495,512.478943,512.663391,512.847900,513.032288,513.216736,513.401123,513.585510,513.769897,513.954285,514.138611,514.322998,514.507263,514.691650,514.875916,515.060181,515.244507,515.428772,515.613037,515.797241,515.981445,516.165710,516.349915,516.534119,516.718323,516.902466,517.086609,517.270752,517.454895,517.639038,517.823120,518.007202,518.191284,518.375305,518.559448,518.743469,518.927490,519.111511,519.295471,519.479492,519.663452,519.847473,520.031433,520.215332,520.399292,520.583191,520.767151,520.950989,521.134888,521.318787,521.502625,521.686462,521.870300,522.054077,522.237915,522.421692,522.605469,522.789246,522.972961,523.156738,523.340454,523.524170,523.707886,523.891602,524.075317,524.258911,524.442566,524.626221,524.809875,524.993530,525.177063,525.360657,525.544250,525.727844,525.911438,526.094910,526.278442,526.461975,526.645447,526.828918,527.012451,527.195923,527.379395,527.562805,527.746216,527.929688,528.113037,528.296448,528.479858,528.663147,528.846558,529.029907,529.213257,529.396545,529.579834,529.763123,529.946411,530.129700,530.312927,530.496155,530.679443,530.862610,531.045776,531.229004,531.412170,531.595398,531.778503,531.961609,532.144775,532.327881,532.511047,532.694092,532.877136,533.060242,533.243286,533.426392,533.609375,533.792358,533.975403,534.158386,534.341370,534.524353,534.707275,534.890259,535.073120,535.256042,535.438965,535.621826,535.804749,535.987610,536.170410,536.353271,536.536133,536.718933,536.901733,537.084534,537.267334,537.450073,537.632874,537.815552,537.998291,538.181030,538.363708,538.546448,538.729065,538.911743,539.094421,539.277039,539.459656,539.642273,539.824890,540.007507,540.190063,540.372559,540.555176,540.737671,540.920227,541.102722,541.285217,541.467773,541.650208,541.832703,542.015137,542.197571,542.380005,542.562439,542.744873,542.927185,543.109558,543.291992,543.474304,543.656616,543.838989,544.021240,544.203613,544.385864,544.568115,544.750427,544.932678,545.114929,545.297119,545.479309,545.661560,545.843750,546.025940,546.208069,546.390198,546.572388,546.754517,546.936584,547.118713,547.300781,547.482910,547.664917,547.846985,548.029053,548.211060,548.393066,548.575073,548.757019,548.939026,549.120972,549.302979,549.484863,549.666809,549.848755,550.030640,550.212524,550.394409,550.576233,550.758118,550.939941,551.121765,551.303589,551.485352,551.667175,551.848938,552.030701,552.212463,552.394165,552.575928,552.757629,552.939331,553.121033,553.302673,553.484375,553.666016,553.847656,554.029297,554.210876,554.392517,554.574097,554.755615,554.937256,555.118774,555.300293,555.481812,555.663330,555.844849,556.026306,556.207764,556.389282,556.570679,556.752197,556.933594,557.114990,557.296387,557.477783,557.659180,557.840515,558.021851,558.203247,558.384521,558.565857,558.747131,558.928406,559.109741,559.290955,559.472168,559.653442,559.834656,560.015930,560.197083,560.378235,560.559448,560.740601,560.921814,561.102905,561.283997,561.465149,561.646240,561.827332,562.008423,562.189453,562.370544,562.551514,562.732605,562.913574,563.094543,563.275574,563.456543,563.637451,563.818481,563.999390,564.180298,564.361206,564.542114,564.723022,564.903870,565.084778,565.265564,565.446411,565.627258,565.808044,565.988892,566.169617,566.350403,566.531189,566.711914,566.892700,567.073364,567.254089,567.434814,567.615479,567.796143,567.976807,568.157471,568.338135,568.518738,568.699280,568.879944,569.060486,569.241089,569.421631,569.602173,569.782715,569.963257,570.143799,570.324280,570.504700,570.685242,570.865662,571.046143,571.226563,571.406982,571.587402,571.767761,571.948120,572.128540,572.308899,572.489258,572.669617,572.849915,573.030212,573.210510,573.390808,573.571106,573.751343,573.931580,574.111816,574.292053,574.472229,574.652405,574.832642,575.012817,575.192993,575.373108,575.553223,575.733398,575.913452,576.093567,576.273682,576.453735,576.633789,576.813843,576.993835,577.173889,577.353882,577.533936,577.713867,577.893860,578.073853,578.253723,578.433716,578.613647,578.793518,578.973450,579.153320,579.333191,579.513062,579.692871,579.872742,580.052551,580.232300,580.412170,580.591919,580.771729,580.951477,581.131165,581.310974,581.490662,581.670410,581.850037,582.029724,582.209412,582.389038,582.568726,582.748352,582.927979,583.107605,583.287170,583.466797,583.646362,583.825867,584.005432,584.184937,584.364441,584.544006,584.723450,584.903015,585.082458,585.261902,585.441345,585.620789,585.800232,585.979614,586.158997,586.338379,586.517761,586.697144,586.876465,587.055786,587.235107,587.414429,587.593689,587.773010,587.952271,588.131531,588.310791,588.489990,588.669250,588.848389,589.027649,589.206787,589.385925,589.565125,589.744263,589.923462,590.102539,590.281616,590.460754,590.639832,590.818909,590.997925,591.176941,591.356018,591.535034,591.713989,591.893066,592.072021,592.251038,592.429932,592.608887,592.787842,592.966736,593.145691,593.324524,593.503418,593.682312,593.861145,594.040039,594.218811,594.397644,594.576477,594.755249,594.934082,595.112793,595.291504,595.470337,595.649048,595.827698,596.006470,596.185120,596.363831,596.542480,596.721130,596.899780,597.078430,597.257080,597.435669,597.614197,597.792847,597.971375,598.149963,598.328491,598.507019,598.685547,598.864014,599.042542,599.221008,599.399475,599.577942,599.756409,599.934814,600.113220,600.291626,600.470032,600.648438,600.826782,601.005127,601.183472,601.361816,601.540161,601.718384,601.896729,602.075012,602.253296,602.431519,602.609741,602.788025,602.966187,603.144470,603.322632,603.500793,603.679016,603.857117,604.035217,604.213379,604.391479,604.569641,604.747681,604.925781,605.103882,605.281921,605.459961,605.638000,605.815979,605.994019,606.171997,606.349976,606.527954,606.705872,606.883850,607.061768,607.239746,607.417603,607.595459,607.773376,607.951233,608.129028,608.306946,608.484741,608.662598,608.840393,609.018127,609.195984,609.373718,609.551514,609.729187,609.906921,610.084656,610.262329,610.440063,610.617737,610.795349,610.973083,611.150696,611.328369,611.505920,611.683533,611.861145,612.038696,612.216248,612.393860,612.571350,612.748901,612.926392,613.103882,613.281433,613.458862,613.636353,613.813782,613.991211,614.168701,614.346069,614.523499,614.700867,614.878235,615.055664,615.232971,615.410339,615.587646,615.764954,615.942322,616.119568,616.296814,616.474121
pdY = 185.000000,192.000000,202.000000,154.000000,179.000000,182.000000,172.000000,198.000000,173.000000,165.000000,183.000000,194.000000,165.000000,178.000000,183.000000,178.000000,188.000000,202.000000,156.000000,178.000000,177.000000,172.000000,184.000000,192.000000,172.000000,201.000000,193.000000,176.000000,163.000000,176.000000,159.000000,180.000000,171.000000,158.000000,167.000000,184.000000,184.000000,161.000000,172.000000,155.000000,176.000000,168.000000,173.000000,181.000000,155.000000,176.000000,177.000000,156.000000,183.000000,176.000000,143.000000,171.000000,177.000000,156.000000,183.000000,169.000000,154.000000,169.000000,204.000000,161.000000,166.000000,159.000000,169.000000,163.000000,166.000000,160.000000,185.000000,181.000000,190.000000,148.000000,175.000000,177.000000,149.000000,176.000000,171.000000,162.000000,170.000000,174.000000,184.000000,167.000000,165.000000,183.000000,161.000000,178.000000,182.000000,165.000000,172.000000,178.000000,162.000000,178.000000,178.000000,162.000000,165.000000,181.000000,152.000000,163.000000,184.000000,153.000000,152.000000,179.000000,184.000000,184.000000,172.000000,164.000000,134.000000,162.000000,175.000000,157.000000,184.000000,166.000000,151.000000,141.000000,190.000000,163.000000,168.000000,165.000000,184.000000,153.000000,184.000000,174.000000,142.000000,167.000000,170.000000,140.000000,156.000000,187.000000,143.000000,154.000000,183.000000,149.000000,168.000000,189.000000,145.000000,166.000000,124.000000,162.000000,160.000000,185.000000,180.000000,134.000000,152.000000,157.000000,159.000000,169.000000,226.000000,146.000000,155.000000,152.000000,159.000000,170.000000,181.000000,141.000000,176.000000,144.000000,180.000000,155.000000,190.000000,164.000000,152.000000,148.000000,178.000000,162.000000,149.000000,143.000000,134.000000,168.000000,172.000000,156.000000,161.000000,160.000000,138.000000,130.000000,163.000000,150.000000,129.000000,151.000000,152.000000,156.000000,143.000000,172.000000,151.000000,151.000000,154.000000,132.000000,145.000000,156.000000,133.000000,142.000000,140.000000,167.000000,143.000000,176.000000,149.000000,130.000000,159.000000,139.000000,122.000000,161.000000,165.000000,139.000000,128.000000,155.000000,137.000000,156.000000,155.000000,145.000000,173.000000,165.000000,139.000000,154.000000,175.000000,157.000000,142.000000,152.000000,141.000000,146.000000,173.000000,148.000000,144.000000,149.000000,161.000000,154.000000,156.000000,145.000000,151.000000,161.000000,146.000000,175.000000,151.000000,152.000000,143.000000,124.000000,145.000000,180.000000,164.000000,164.000000,143.000000,120.000000,175.000000,152.000000,163.000000,131.000000,165.000000,140.000000,143.000000,175.000000,157.000000,138.000000,155.000000,166.000000,149.000000,149.000000,159.000000,138.000000,148.000000,135.000000,133.000000,145.000000,141.000000,168.000000,147.000000,151.000000,155.000000,142.000000,166.000000,162.000000,150.000000,155.000000,152.000000,149.000000,152.000000,169.000000,172.000000,164.000000,173.000000,151.000000,160.000000,181.000000,136.000000,125.000000,143.000000,126.000000,136.000000,159.000000,146.000000,123.000000,150.000000,136.000000,157.000000,156.000000,163.000000,134.000000,155.000000,135.000000,144.000000,143.000000,161.000000,152.000000,158.000000,159.000000,118.000000,146.000000,157.000000,141.000000,123.000000,154.000000,160.000000,157.000000,158.000000,146.000000,128.000000,139.000000,148.000000,95.000000,148.000000,122.000000,139.000000,134.000000,168.000000,129.000000,143.000000,149.000000,133.000000,135.000000,170.000000,151.000000,145.000000,136.000000,143.000000,146.000000,154.000000,136.000000,136.000000,151.000000,147.000000,137.000000,165.000000,160.000000,135.000000,134.000000,153.000000,157.000000,141.000000,126.000000,148.000000,134.000000,139.000000,174.000000,131.000000,150.000000,153.000000,149.000000,135.000000,145.000000,126.000000,115.000000,168.000000,116.000000,126.000000,128.000000,160.000000,136.000000,163.000000,136.000000,134.000000,154.000000,142.000000,147.000000,170.000000,142.000000,148.000000,134.000000,136.000000,165.000000,144.000000,140.000000,122.000000,146.000000,147.000000,151.000000,108.000000,147.000000,161.000000,108.000000,154.000000,171.000000,125.000000,137.000000,140.000000,131.000000,151.000000,149.000000,128.000000,127.000000,158.000000,125.000000,134.000000,139.000000,147.000000,117.000000,165.000000,120.000000,137.000000,120.000000,147.000000,118.000000,158.000000,147.000000,124.000000,133.000000,143.000000,135.000000,166.000000,132.000000,131.000000,163.000000,138.000000,134.000000,143.000000,116.000000,140.000000,147.000000,143.000000,165.000000,120.000000,135.000000,140.000000,93.000000,135.000000,137.000000,150.000000,134.000000,160.000000,104.000000,148.000000,150.000000,149.000000,147.000000,144.000000,130.000000,177.000000,148.000000,126.000000,128.000000,151.000000,132.000000,138.000000,150.000000,148.000000,144.000000,144.000000,152.000000,149.000000,144.000000,135.000000,139.000000,124.000000,135.000000,152.000000,146.000000,124.000000,132.000000,128.000000,136.000000,156.000000,140.000000,135.000000,147.000000,128.000000,147.000000,164.000000,149.000000,134.000000,140.000000,131.000000,137.000000,155.000000,153.000000,114.000000,139.000000,157.000000,142.000000,140.000000,150.000000,134.000000,139.000000,143.000000,104.000000,144.000000,146.000000,142.000000,137.000000,156.000000,152.000000,128.000000,150.000000,159.000000,125.000000,154.000000,160.000000,137.000000,142.000000,179.000000,134.000000,129.000000,145.000000,120.000000,123.000000,161.000000,133.000000,135.000000,160.000000,129.000000,122.000000,135.000000,139.000000,128.000000,156.000000,141.000000,117.000000,166.000000,150.000000,140.000000,140.000000,136.000000,133.000000,115.000000,147.000000,140.000000,157.000000,138.000000,139.000000,134.000000,160.000000,140.000000,136.000000,136.000000,139.000000,126.000000,106.000000,149.000000,138.000000,137.000000,147.000000,145.000000,165.000000,166.000000,125.000000,122.000000,160.000000,153.000000,131.000000,177.000000,140.000000,124.000000,155.000000,151.000000,142.000000,153.000000,153.000000,161.000000,144.000000,164.000000,156.000000,140.000000,156.000000,154.000000,152.000000,165.000000,157.000000,123.000000,167.000000,145.000000,138.000000,153.000000,174.000000,144.000000,150.000000,165.000000,145.000000,146.000000,173.000000,154.000000,152.000000,169.000000,137.000000,151.000000,164.000000,186.000000,144.000000,165.000000,158.000000,140.000000,156.000000,175.000000,147.000000,141.000000,146.000000,140.000000,147.000000,154.000000,136.000000,137.000000,164.000000,157.000000,168.000000,150.000000,143.000000,163.000000,162.000000,172.000000,159.000000,151.000000,163.000000,151.000000,156.000000,165.000000,157.000000,146.000000,178.000000,164.000000,161.000000,185.000000,186.000000,161.000000,167.000000,172.000000,172.000000,205.000000,199.000000,237.000000,199.000000,229.000000,184.000000,220.000000,219.000000,215.000000,239.000000,216.000000,214.000000,229.000000,229.000000,212.000000,211.000000,201.000000,224.000000,172.000000,183.000000,205.000000,191.000000,181.000000,205.000000,155.000000,185.000000,184.000000,152.000000,174.000000,174.000000,150.000000,177.000000,195.000000,146.000000,167.000000,166.000000,165.000000,158.000000,172.000000,153.000000,154.000000,176.000000,163.000000,162.000000,163.000000,151.000000,160.000000,172.000000,177.000000,157.000000,166.000000,167.000000,153.000000,168.000000,179.000000,179.000000,140.000000,167.000000,162.000000,139.000000,177.000000,159.000000,167.000000,179.000000,165.000000,164.000000,165.000000,182.000000,163.000000,151.000000,164.000000,166.000000,147.000000,178.000000,181.000000,167.000000,183.000000,169.000000,169.000000,177.000000,178.000000,146.000000,157.000000,175.000000,154.000000,197.000000,179.000000,153.000000,166.000000,181.000000,184.000000,175.000000,171.000000,180.000000,165.000000,169.000000,208.000000,167.000000,164.000000,170.000000,191.000000,194.000000,198.000000,173.000000,169.000000,180.000000,200.000000,174.000000,187.000000,199.000000,169.000000,180.000000,203.000000,172.000000,195.000000,208.000000,164.000000,180.000000,191.000000,185.000000,202.000000,216.000000,169.000000,171.000000,193.000000,199.000000,180.000000,211.000000,186.000000,192.000000,204.000000,206.000000,197.000000,206.000000,205.000000,187.000000,204.000000,222.000000,201.000000,192.000000,204.000000,205.000000,203.000000,217.000000,222.000000,195.000000,202.000000,215.000000,214.000000,228.000000,227.000000,215.000000,211.000000,221.000000,195.000000,228.000000,216.000000,208.000000,224.000000,248.000000,216.000000,216.000000,214.000000,237.000000,223.000000,238.000000,238.000000,215.000000,228.000000,258.000000,230.000000,244.000000,234.000000,213.000000,246.000000,242.000000,231.000000,224.000000,239.000000,229.000000,229.000000,257.000000,250.000000,228.000000,266.000000,252.000000,234.000000,243.000000,233.000000,246.000000,249.000000,264.000000,247.000000,242.000000,269.000000,248.000000,275.000000,266.000000,250.000000,257.000000,256.000000,230.000000,274.000000,282.000000,268.000000,261.000000,264.000000,275.000000,279.000000,281.000000,284.000000,287.000000,279.000000,282.000000,292.000000,301.000000,287.000000,267.000000,292.000000,305.000000,318.000000,283.000000,307.000000,298.000000,277.000000,300.000000,315.000000,299.000000,306.000000,315.000000,308.000000,317.000000,329.000000,320.000000,341.000000,336.000000,317.000000,329.000000,342.000000,337.000000,314.000000,338.000000,341.000000,323.000000,359.000000,346.000000,323.000000,343.000000,356.000000,331.000000,344.000000,366.000000,341.000000,329.000000,355.000000,369.000000,353.000000,362.000000,358.000000,344.000000,394.000000,362.000000,380.000000,355.000000,374.000000,364.000000,401.000000,377.000000,371.000000,384.000000,387.000000,387.000000,378.000000,414.000000,419.000000,379.000000,411.000000,399.000000,391.000000,415.000000,421.000000,419.000000,408.000000,421.000000,417.000000,439.000000,419.000000,424.000000,419.000000,434.000000,426.000000,436.000000,459.000000,426.000000,421.000000,455.000000,454.000000,419.000000,458.000000,473.000000,468.000000,470.000000,476.000000,456.000000,487.000000,494.000000,455.000000,481.000000,468.000000,496.000000,496.000000,512.000000,477.000000,491.000000,516.000000,505.000000,516.000000,551.000000,516.000000,509.000000,506.000000,540.000000,525.000000,518.000000,561.000000,542.000000,543.000000,553.000000,576.000000,569.000000,558.000000,564.000000,575.000000,579.000000,583.000000,576.000000,597.000000,586.000000,578.000000,602.000000,618.000000,594.000000,616.000000,605.000000,620.000000,631.000000,651.000000,646.000000,645.000000,660.000000,670.000000,679.000000,681.000000,690.000000,661.000000,675.000000,670.000000,671.000000,675.000000,707.000000,670.000000,725.000000,750.000000,702.000000,722.000000,740.000000,701.000000,744.000000,747.000000,750.000000,709.000000,777.000000,769.000000,722.000000,769.000000,779.000000,769.000000,793.000000,803.000000,780.000000,781.000000,794.000000,777.000000,812.000000,781.000000,819.000000,826.000000,866.000000,857.000000,846.000000,861.000000,850.000000,861.000000,865.000000,887.000000,913.000000,881.000000,905.000000,890.000000,918.000000,924.000000,935.000000,916.000000,957.000000,933.000000,933.000000,973.000000,972.000000,977.000000,992.000000,981.000000,948.000000,1012.000000,1001.000000,973.000000,985.000000,1015.000000,1020.000000,1025.000000,1009.000000,1025.000000,1016.000000,1055.000000,1062.000000,1076.000000,1075.000000,1072.000000,1072.000000,1076.000000,1105.000000,1082.000000,1094.000000,1134.000000,1100.000000,1119.000000,1130.000000,1088.000000,1128.000000,1159.000000,1154.000000,1162.000000,1176.000000,1186.000000,1185.000000,1196.000000,1204.000000,1169.000000,1195.000000,1189.000000,1214.000000,1249.000000,1252.000000,1231.000000,1237.000000,1258.000000,1248.000000,1266.000000,1301.000000,1297.000000,1273.000000,1316.000000,1305.000000,1338.000000,1321.000000,1342.000000,1341.000000,1361.000000,1351.000000,1383.000000,1359.000000,1371.000000,1383.000000,1408.000000,1434.000000,1397.000000,1431.000000,1460.000000,1393.000000,1454.000000,1450.000000,1463.000000,1439.000000,1463.000000,1476.000000,1490.000000,1497.000000,1531.000000,1522.000000,1532.000000,1563.000000,1552.000000,1589.000000,1612.000000,1594.000000,1587.000000,1620.000000,1607.000000,1620.000000,1628.000000,1630.000000,1644.000000,1679.000000,1660.000000,1664.000000,1695.000000,1645.000000,1710.000000,1703.000000,1712.000000,1711.000000,1735.000000,1755.000000,1760.000000,1795.000000,1816.000000,1805.000000,1809.000000,1822.000000,1841.000000,1827.000000,1865.000000,1877.000000,1898.000000,1897.000000,1908.000000,1892.000000,1907.000000,1916.000000,1934.000000,1973.000000,1943.000000,1972.000000,1964.000000,1996.000000,2009.000000,2003.000000,2038.000000,2030.000000,2057.000000,2040.000000,2081.000000,2087.000000,2049.000000,2097.000000,2080.000000,2090.000000,2127.000000,2161.000000,2166.000000,2171.000000,2169.000000,2195.000000,2208.000000,2224.000000,2220.000000,2241.000000,2235.000000,2279.000000,2272.000000,2322.000000,2245.000000,2317.000000,2336.000000,2311.000000,2341.000000,2398.000000,2324.000000,2365.000000,2397.000000,2396.000000,2429.000000,2429.000000,2421.000000,2463.000000,2452.000000,2503.000000,2485.000000,2488.000000,2512.000000,2523.000000,2550.000000,2517.000000,2535.000000,2600.000000,2575.000000,2607.000000,2633.000000,2625.000000,2626.000000,2631.000000,2685.000000,2680.000000,2687.000000,2717.000000,2720.000000,2737.000000,2743.000000,2746.000000,2760.000000,2806.000000,2816.000000,2805.000000,2808.000000,2851.000000,2837.000000,2842.000000,2908.000000,2884.000000,2942.000000,2924.000000,2932.000000,2964.000000,2960.000000,3021.000000,2996.000000,3050.000000,3034.000000,3069.000000,3100.000000,3081.000000,3112.000000,3163.000000,3146.000000,3156.000000,3182.000000,3213.000000,3161.000000,3198.000000,3251.000000,3260.000000,3265.000000,3258.000000,3360.000000,3296.000000,3334.000000,3322.000000,3339.000000,3391.000000,3407.000000,3375.000000,3429.000000,3433.000000,3397.000000,3484.000000,3450.000000,3412.000000,3442.000000,3479.000000,3488.000000,3503.000000,3542.000000,3513.000000,3528.000000,3546.000000,3501.000000,3630.000000,3564.000000,3577.000000,3586.000000,3620.000000,3659.000000,3665.000000,3642.000000,3721.000000,3730.000000,3732.000000,3688.000000,3753.000000,3756.000000,3774.000000,3775.000000,3786.000000,3825.000000,3820.000000,3843.000000,3831.000000,3855.000000,3867.000000,3874.000000,3927.000000,3918.000000,3916.000000,3926.000000,3984.000000,4000.000000,3992.000000,3933.000000,4010.000000,4037.000000,4035.000000,4086.000000,4093.000000,4096.000000,4095.000000,4126.000000,4143.000000,4117.000000,4210.000000,4229.000000,4214.000000,4195.000000,4270.000000,4284.000000,4277.000000,4301.000000,4326.000000,4301.000000,4328.000000,4392.000000,4347.000000,4420.000000,4432.000000,4442.000000,4463.000000,4456.000000,4439.000000,4510.000000,4590.000000,4523.000000,4569.000000,4545.000000,4588.000000,4640.000000,4655.000000,4650.000000,4663.000000,4715.000000,4695.000000,4710.000000,4771.000000,4756.000000,4749.000000,4783.000000,4810.000000,4856.000000,4879.000000,4863.000000,4880.000000,4915.000000,4926.000000,4972.000000,5023.000000,5003.000000,5001.000000,5000.000000,5061.000000,5071.000000,5091.000000,5136.000000,5135.000000,5145.000000,5140.000000,5159.000000,5192.000000,5259.000000,5278.000000,5207.000000,5284.000000,5318.000000,5328.000000,5313.000000,5389.000000,5358.000000,5431.000000,5476.000000,5443.000000,5492.000000,5512.000000,5527.000000,5553.000000,5593.000000,5647.000000,5614.000000,5641.000000,5637.000000,5711.000000,5717.000000,5690.000000,5834.000000,5713.000000,5808.000000,5830.000000,5855.000000,5879.000000,5887.000000,5935.000000,5955.000000,5980.000000,5995.000000,6082.000000,6056.000000,6038.000000,6080.000000,6160.000000,6156.000000,6218.000000,6194.000000,6232.000000,6273.000000,6340.000000,6307.000000,6325.000000,6364.000000,6375.000000,6413.000000,6451.000000,6411.000000,6471.000000,6550.000000,6554.000000,6578.000000,6612.000000,6636.000000,6642.000000,6673.000000,6700.000000,6726.000000,6765.000000,6747.000000,6788.000000,6883.000000,6862.000000,6916.000000,6872.000000,6901.000000,6932.000000,7023.000000,7008.000000,7045.000000,7085.000000,7152.000000,7144.000000,7115.000000,7210.000000,7205.000000,7264.000000,7280.000000,7324.000000,7341.000000,7365.000000,7408.000000,7430.000000,7488.000000,7525.000000,7489.000000,7546.000000,7596.000000,7660.000000,7635.000000,7722.000000,7701.000000,7763.000000,7741.000000,7806.000000,7812.000000,7832.000000,7958.000000,7988.000000,8018.000000,8055.000000,8050.000000,8028.000000,8085.000000,8119.000000,8146.000000,8206.000000,8210.000000,8272.000000,8267.000000,8347.000000,8328.000000,8360.000000,8446.000000,8475.000000,8454.000000,8546.000000,8585.000000,8645.000000,8629.000000,8675.000000,8654.000000,8715.000000,8760.000000,8745.000000,8754.000000,8832.000000,8872.000000,8914.000000,8944.000000,9014.000000,8958.000000,9065.000000,9052.000000,9105.000000,9235.000000,9230.000000,9281.000000,9285.000000,9334.000000,9339.000000,9395.000000,9467.000000,9437.000000,9464.000000,9551.000000,9545.000000,9614.000000,9679.000000,9636.000000,9711.000000,9748.000000,9783.000000,9785.000000,9835.000000,9826.000000,9928.000000,9964.000000,10018.000000,10025.000000,10044.000000,10119.000000,10127.000000,10199.000000,10210.000000,10252.000000,10254.000000,10349.000000,10393.000000,10371.000000,10437.000000,10507.000000,10501.000000,10555.000000,10562.000000,10590.000000,10639.000000,10790.000000,10720.000000,10805.000000,10828.000000,10854.000000,10911.000000,10947.000000,10962.000000,11006.000000,11124.000000,11112.000000,11140.000000,11185.000000,11225.000000,11212.000000,11355.000000,11382.000000,11376.000000,11434.000000,11473.000000,11526.000000,11544.000000,11572.000000,11635.000000,11676.000000,11769.000000,11774.000000,11839.000000,11798.000000,11837.000000,11848.000000,11908.000000,11947.000000,11986.000000,12024.000000,12049.000000,12134.000000,12188.000000,12201.000000,12204.000000,12319.000000,12299.000000,12342.000000,12408.000000,12432.000000,12454.000000,12612.000000,12569.000000,12611.000000,12710.000000,12749.000000,12743.000000,12782.000000,12844.000000,12876.000000,12882.000000,12954.000000,12916.000000,13013.000000,13139.000000,13097.000000,13174.000000,13139.000000,13184.000000,13273.000000,13298.000000,13345.000000,13416.000000,13416.000000,13461.000000,13549.000000,13493.000000,13586.000000,13669.000000,13599.000000,13745.000000,13839.000000,13835.000000,13771.000000,13871.000000,13852.000000,13941.000000,14043.000000,14017.000000,14017.000000,14120.000000,14171.000000,14201.000000,14223.000000,14289.000000,14346.000000,14396.000000,14441.000000,14473.000000,14504.000000,14574.000000,14514.000000,14597.000000,14695.000000,14688.000000,14743.000000,14777.000000,14836.000000,14839.000000,14791.000000,14921.000000,14950.000000,15027.000000,15079.000000,15046.000000,15148.000000,15221.000000,15235.000000,15257.000000,15336.000000,15285.000000,15412.000000,15351.000000,15488.000000,15519.000000,15601.000000,15579.000000,15660.000000,15743.000000,15797.000000,15820.000000,15843.000000,15971.000000,15903.000000,15932.000000,15970.000000,16030.000000,16087.000000,16172.000000,16216.000000,16246.000000,16264.000000,16378.000000,16473.000000,16397.000000,16511.000000,16496.000000,16653.000000,16592.000000,16720.000000,16646.000000,16819.000000,16759.000000,16770.000000,16958.000000,16895.000000,16961.000000,17053.000000,17086.000000,17062.000000,17162.000000,17192.000000,17238.000000,17298.000000,17325.000000,17358.000000,17363.000000,17426.000000,17488.000000,17606.000000,17586.000000,17583.000000,17729.000000,17777.000000,17770.000000,17847.000000,17921.000000,17973.000000,18027.000000,18076.000000,18043.000000,18083.000000,18092.000000,18234.000000,18301.000000,18328.000000,18352.000000,18440.000000,18438.000000,18502.000000,18570.000000,18609.000000,18617.000000,18686.000000,18714.000000,18710.000000,18817.000000,18799.000000,18870.000000,19000.000000,18970.000000,19034.000000,19126.000000,19162.000000,19150.000000,19216.000000,19354.000000,19279.000000,19390.000000,19461.000000,19511.000000,19498.000000,19498.000000,19631.000000,19601.000000,19705.000000,19818.000000,19822.000000,19838.000000,19902.000000,19934.000000,20018.000000,19992.000000,20163.000000,20114.000000,20222.000000,20244.000000,20387.000000,20293.000000,20393.000000,20440.000000,20516.000000,20432.000000,20621.000000,20544.000000,20726.000000,20708.000000,20693.000000,20784.000000,20910.000000,20924.000000,20960.000000,21013.000000,21021.000000,21172.000000,21203.000000,21258.000000,21228.000000,21308.000000,21325.000000,21424.000000,21433.000000,21457.000000,21516.000000,21636.000000,21660.000000,21643.000000,21683.000000,21796.000000,21765.000000,21833.000000,21931.000000,21996.000000,21853.000000,21977.000000,22181.000000,22186.000000,22263.000000,22222.000000,22244.000000,22303.000000,22363.000000,22454.000000,22624.000000,22497.000000,22530.000000,22600.000000,22641.000000,22676.000000,22675.000000,22790.000000,22831.000000,22889.000000,22848.000000,22896.000000,22991.000000,22967.000000,23001.000000,23066.000000,23096.000000,23164.000000,23245.000000,23280.000000,23335.000000,23324.000000,23398.000000,23493.000000,23499.000000,23560.000000,23681.000000,23722.000000,23815.000000,23714.000000,23862.000000,23843.000000,23939.000000,23840.000000,23929.000000,23971.000000,24077.000000,24061.000000,24088.000000,24233.000000,24160.000000,24267.000000,24330.000000,24374.000000,24430.000000,24415.000000,24493.000000,24503.000000,24588.000000,24647.000000,24691.000000,24727.000000,24760.000000,24686.000000,24802.000000,24911.000000,24880.000000,24849.000000,24947.000000,24976.000000,25071.000000,25143.000000,25133.000000,25250.000000,25293.000000,25373.000000,25375.000000,25358.000000,25520.000000,25495.000000,25596.000000,25603.000000,25629.000000,25729.000000,25724.000000,25851.000000,25853.000000,25950.000000,25965.000000,25943.000000,26025.000000,26116.000000,26185.000000,26178.000000,26232.000000,26334.000000,26359.000000,26488.000000,26401.000000,26463.000000,26563.000000,26619.000000,26651.000000,26673.000000,26706.000000,26796.000000,26878.000000,26890.000000,26949.000000,27021.000000,27048.000000,27234.000000,27161.000000,27138.000000,27236.000000,27413.000000,27480.000000,27399.000000,27397.000000,27563.000000,27568.000000,27598.000000,27641.000000,27708.000000,27716.000000,27811.000000,27940.000000,27851.000000,27948.000000,27981.000000,27960.000000,28063.000000,28139.000000,28102.000000,28278.000000,28294.000000,28394.000000,28394.000000,28377.000000,28480.000000,28525.000000,28615.000000,28627.000000,28728.000000,28749.000000,28706.000000,28795.000000,28801.000000,28836.000000,28950.000000,28912.000000,28917.000000,29044.000000,28943.000000,29016.000000,29046.000000,29072.000000,29032.000000,29055.000000,29217.000000,29149.000000,29200.000000,29193.000000,29154.000000,29199.000000,29115.000000,29243.000000,29222.000000,29319.000000,29285.000000,29301.000000,29322.000000,29360.000000,29341.000000,29519.000000,29401.000000,29588.000000,29615.000000,29709.000000,29779.000000,29760.000000,29700.000000,29780.000000,29889.000000,29812.000000,30040.000000,29975.000000,30079.000000,30049.000000,30113.000000,30208.000000,30108.000000,30073.000000,30021.000000,30145.000000,30199.000000,30217.000000,30344.000000,30259.000000,30310.000000,30396.000000,30326.000000,30427.000000,30402.000000,30464.000000,30501.000000,30539.000000,30564.000000,30656.000000,30682.000000,30626.000000,30680.000000,30751.000000,30827.000000,30849.000000,30808.000000,30755.000000,30807.000000,30787.000000,30823.000000,30985.000000,30947.000000,30955.000000,30955.000000

nFuncNum = 2
polarChoose = 0
polarDege = 90.000000
polarStart = 0.000000
polarEnd = 360.000000
polarStep = 60.000000