strScanMode=
strWave=
powervalue=
pinhole=0
grating=
slit=0
ExpTime=
unit=nm
strCenterWave=
strStartWave=
strEndWave=
totalnum=1
strInterFlg=
strIntervaltime=
intervalnum=0
haveTitle=1
dataFrom=0
laserWaveLength=532.2
pdX=227.782074,227.984955,228.187805,228.390671,228.593491,228.796326,228.999146,229.201935,229.404724,229.607483,229.810257,230.013000,230.215744,230.418457,230.621170,230.823868,231.026550,231.229233,231.431885,231.634537,231.837158,232.039795,232.242416,232.444992,232.647583,232.850159,233.052719,233.255264,233.457809,233.660309,233.862839,234.065338,234.267807,234.470291,234.672745,234.875198,235.077621,235.280060,235.482468,235.684860,235.887253,236.089615,236.291977,236.494324,236.696655,236.898987,237.101288,237.303589,237.505875,237.708145,237.910400,238.112656,238.314880,238.517105,238.719330,238.921509,239.123703,239.325867,239.528030,239.730164,239.932312,240.134445,240.336533,240.538651,240.740723,240.942795,241.144852,241.346893,241.548935,241.750961,241.952972,242.154953,242.356949,242.558914,242.760880,242.962814,243.164749,243.366684,243.568588,243.770493,243.972366,244.174240,244.376083,244.577942,244.779785,244.981598,245.183411,245.385193,245.586990,245.788742,245.990509,246.192245,246.393997,246.595718,246.797424,246.999115,247.200790,247.402466,247.604126,247.805771,248.007416,248.209030,248.410645,248.612228,248.813812,249.015381,249.216949,249.418503,249.620026,249.821548,250.023041,250.224548,250.426025,250.627502,250.828949,251.030396,251.231842,251.433258,251.634659,251.836044,252.037445,252.238800,252.440170,252.641510,252.842834,253.044174,253.245468,253.446762,253.648041,253.849319,254.050583,254.251816,254.453064,254.654266,254.855484,255.056671,255.257858,255.459015,255.660187,255.861328,256.062469,256.263580,256.464691,256.665771,256.866882,257.067902,257.268982,257.470032,257.671082,257.872101,258.073090,258.274078,258.475067,258.676056,258.877014,259.077911,259.278870,259.479797,259.680695,259.881561,260.082458,260.283325,260.484192,260.685059,260.885864,261.086670,261.287506,261.488281,261.689056,261.889832,262.090576,262.291351,262.492065,262.692780,262.893494,263.094177,263.294861,263.495544,263.696167,263.896820,264.097473,264.298096,264.498688,264.699280,264.899872,265.100433,265.300995,265.501526,265.702057,265.902588,266.103088,266.303558,266.504059,266.704529,266.904999,267.105438,267.305847,267.506256,267.706665,267.907074,268.107452,268.307800,268.508179,268.708527,268.908844,269.109161,269.309448,269.509766,269.710052,269.910309,270.110565,270.310791,270.511047,270.711273,270.911438,271.111633,271.311829,271.511993,271.712158,271.912292,272.112427,272.312531,272.512665,272.712738,272.912811,273.112885,273.312958,273.513000,273.713013,273.913025,274.113037,274.313019,274.513031,274.712952,274.912933,275.112885,275.312805,275.512695,275.712616,275.912506,276.112396,276.312256,276.512085,276.711945,276.911774,277.111603,277.311371,277.511169,277.710968,277.910736,278.110504,278.310211,278.509949,278.709686,278.909393,279.109100,279.308746,279.508423,279.708069,279.907715,280.107330,280.306946,280.506561,280.706146,280.905731,281.105286,281.304840,281.504395,281.703918,281.903412,282.102936,282.302429,282.501923,282.701385,282.900818,283.100250,283.299683,283.499115,283.698517,283.897888,284.097290,284.296661,284.496002,284.695313,284.894653,285.093994,285.293304,285.492584,285.691833,285.891113,286.090363,286.289612,286.488831,286.688049,286.887268,287.086456,287.285645,287.484772,287.683929,287.883087,288.082214,288.281342,288.480408,288.679504,288.878601,289.077667,289.276703,289.475739,289.674774,289.873810,290.072815,290.271759,290.470764,290.669739,290.868683,291.067596,291.266541,291.465454,291.664368,291.863251,292.062103,292.260986,292.459839,292.658691,292.857513,293.056305,293.255127,293.453918,293.652710,293.851440,294.050201,294.248932,294.447693,294.646393,294.845062,295.043762,295.242462,295.441132,295.639740,295.838409,296.037018,296.235657,296.434265,296.632813,296.831421,297.029968,297.228546,297.427063,297.625580,297.824097,298.022614,298.221100,298.419556,298.618042,298.816498,299.014923,299.213379,299.411743,299.610168,299.808563,300.006927,300.205292,300.403625,300.601990,300.800323,300.998627,301.196899,301.395203,301.593475,301.791748,301.989990,302.188232,302.386444,302.584686,302.782898,302.981049,303.179230,303.377411,303.575562,303.773712,303.971802,304.169922,304.368042,304.566132,304.764160,304.962250,305.160309,305.358337,305.556366,305.754364,305.952362,306.150360,306.348358,306.546295,306.744232,306.942200,307.140106,307.338043,307.535919,307.733795,307.931671,308.129547,308.327423,308.525238,308.723053,308.920868,309.118683,309.316437,309.514221,309.712006,309.909760,310.107483,310.305206,310.502899,310.700623,310.898315,311.095947,311.293640,311.491272,311.688934,311.886566,312.084137,312.281738,312.479340,312.676910,312.874481,313.072021,313.269562,313.467102,313.664612,313.862091,314.059570,314.257050,314.454529,314.651978,314.849396,315.046814,315.244232,315.441650,315.639008,315.836395,316.033752,316.231110,316.428467,316.625763,316.823059,317.020386,317.217682,317.414948,317.612183,317.809448,318.006683,318.203918,318.401093,318.598297,318.795502,318.992676,319.189850,319.386963,319.584106,319.781250,319.978363,320.175415,320.372528,320.569611,320.766663,320.963715,321.160736,321.357758,321.554779,321.751770,321.948730,322.145721,322.342682,322.539642,322.736572,322.933472,323.130402,323.327301,323.524200,323.721069,323.917908,324.114777,324.311615,324.508423,324.705231,324.902039,325.098816,325.295593,325.492371,325.689087,325.885834,326.082550,326.279266,326.475952,326.672638,326.869324,327.065979,327.262634,327.459229,327.655884,327.852478,328.049103,328.245667,328.442230,328.638794,328.835358,329.031891,329.228394,329.424896,329.621399,329.817902,330.014374,330.210815,330.407257,330.603699,330.800140,330.996521,331.192932,331.389313,331.585693,331.782043,331.978363,332.174713,332.371033,332.567352,332.763672,332.959930,333.156189,333.352448,333.548706,333.744934,333.941162,334.137360,334.333557,334.529755,334.725891,334.922058,335.118225,335.314362,335.510468,335.706573,335.902679,336.098755,336.294830,336.490875,336.686920,336.882965,337.079010,337.275024,337.470978,337.666962,337.862946,338.058899,338.254822,338.450775,338.646698,338.842621,339.038513,339.234375,339.430267,339.626129,339.821960,340.017792,340.213593,340.409424,340.605225,340.800995,340.996765,341.192505,341.388275,341.584015,341.779694,341.975433,342.171112,342.366821,342.562469,342.758118,342.953766,343.149414,343.345032,343.540649,343.736206,343.931793,344.127380,344.322937,344.518463,344.714020,344.909546,345.105042,345.300537,345.496002,345.691467,345.886932,346.082397,346.277802,346.473236,346.668640,346.864044,347.059418,347.254761,347.450134,347.645477,347.840820,348.036163,348.231445,348.426727,348.622009,348.817291,349.012543,349.207764,349.403015,349.598236,349.793457,349.988617,350.183807,350.378998,350.574158,350.769257,350.964417,351.159546,351.354645,351.549744,351.744812,351.939880,352.134949,352.329987,352.525024,352.720032,352.915039,353.110046,353.305023,353.499969,353.694916,353.889862,354.084808,354.279724,354.474609,354.669525,354.864410,355.059265,355.254120,355.448975,355.643799,355.838623,356.033447,356.228210,356.422974,356.617767,356.812531,357.007263,357.201965,357.396698,357.591400,357.786102,357.980774,358.175446,358.370117,358.564758,358.759399,358.953979,359.148590,359.343201,359.537781,359.732330,359.926880,360.121429,360.315979,360.510498,360.704987,360.899475,361.093964,361.288422,361.482880,361.677307,361.871735,362.066162,362.260590,362.454956,362.649323,362.843719,363.038055,363.232422,363.426727,363.621033,363.815369,364.009644,364.203918,364.398193,364.592438,364.786682,364.980927,365.175110,365.369324,365.563538,365.757721,365.951843,366.146027,366.340179,366.534302,366.728424,366.922516,367.116608,367.310699,367.504761,367.698822,367.892822,368.086884,368.280884,368.474915,368.668884,368.862854,369.056824,369.250793,369.444733,369.638641,369.832550,370.026459,370.220367,370.414215,370.608093,370.801941,370.995789,371.189636,371.383423,371.577240,371.771027,371.964813,372.158600,372.352325,372.546051,372.739807,372.933533,373.127197,373.320892,373.514587,373.708252,373.901917,374.095520,374.289154,374.482788,374.676392,374.869965,375.063538,375.257111,375.450684,375.644226,375.837738,376.031250,376.224762,376.418243,376.611725,376.805176,376.998627,377.192078,377.385529,377.578918,377.772308,377.965698,378.159088,378.352478,378.545807,378.739136,378.932465,379.125793,379.319061,379.512360,379.705658,379.898926,380.092194,380.285400,380.478638,380.671844,380.865051,381.058258,381.251404,381.444580,381.637726,381.830872,382.023987,382.217102,382.410217,382.603302,382.796387,382.989441,383.182495,383.375519,383.568573,383.761566,383.954559,384.147552,384.340546,384.533508,384.726440,384.919373,385.112305,385.305237,385.498108,385.691010,385.883881,386.076752,386.269623,386.462433,386.655273,386.848083,387.040894,387.233673,387.426422,387.619202,387.811951,388.004700,388.197418,388.390137,388.582825,388.775543,388.968201,389.160858,389.353516,389.546143,389.738770,389.931366,390.123993,390.316559,390.509155,390.701721,390.894257,391.086792,391.279327,391.471832,391.664368,391.856812,392.049286,392.241760,392.434235,392.626648,392.819061,393.011475,393.203888,393.396301,393.588623,393.781006,393.973358,394.165710,394.358002,394.550323,394.742645,394.934937,395.127197,395.319458,395.511688,395.703949,395.896179,396.088379,396.280579,396.472748,396.664948,396.857117,397.049225,397.241394,397.433502,397.625641,397.817749,398.009796,398.201874,398.393951,398.585999,398.778015,398.970032,399.162048,399.354065,399.546051,399.738007,399.929993,400.121948,400.313873,400.505798,400.697693,400.889587,401.081482,401.273376,401.465210,401.657074,401.848907,402.040741,402.232544,402.424316,402.616119,402.807892,402.999664,403.191406,403.383148,403.574860,403.766571,403.958282,404.149963,404.341644,404.533295,404.724945,404.916595,405.108185,405.299805,405.491425,405.683014,405.874542,406.066132,406.257690,406.449219,406.640747,406.832245,407.023743,407.215240,407.406708,407.598145,407.789612,407.981049,408.172485,408.363892,408.555267,408.746643,408.938019,409.129395,409.320709,409.512054,409.703400,409.894714,410.085999,410.277283,410.468567,410.659821,410.851074,411.042328,411.233521,411.424713,411.615936,411.807129,411.998260,412.189423,412.380585,412.571716,412.762848,412.953949,413.145050,413.336151,413.527222,413.718262,413.909302,414.100342,414.291382,414.482391,414.673370,414.864349,415.055328,415.246307,415.437256,415.628174,415.819092,416.010010,416.200897,416.391754,416.582642,416.773499,416.964355,417.155212,417.346008,417.536804,417.727631,417.918396,418.109161,418.299927,418.490662,418.681427,418.872131,419.062836,419.253540,419.444214,419.634888,419.825562,420.016174,420.206818,420.397461,420.588074,420.778625,420.969238,421.159790,421.350372,421.540924,421.731445,421.921967,422.112457,422.302979,422.493439,422.683899,422.874390,423.064819,423.255280,423.445648,423.636078,423.826477,424.016876,424.207245,424.397583,424.587921,424.778259,424.968597,425.158875,425.349182,425.539459,425.729736,425.920013,426.110229,426.300476,426.490692,426.680908,426.871094,427.061279,427.251434,427.441620,427.631775,427.821869,428.011993,428.202118,428.392212,428.582306,428.772339,428.962402,429.152466,429.342499,429.532501,429.722504,429.912506,430.102509,430.292480,430.482391,430.672363,430.862305,431.052216,431.242096,431.432007,431.621887,431.811768,432.001617,432.191437,432.381287,432.571106,432.760925,432.950684,433.140472,433.330261,433.520020,433.709778,433.899475,434.089203,434.278931,434.468628,434.658295,434.847961,435.037628,435.227264,435.416901,435.606506,435.796112,435.985718,436.175293,436.364868,436.554413,436.743958,436.933502,437.123016,437.312500,437.501984,437.691498,437.880951,438.070435,438.259827,438.449280,438.638702,438.828125,439.017517,439.206879,439.396240,439.585602,439.774963,439.964264,440.153595,440.342896,440.532196,440.721497,440.910736,441.100006,441.289246,441.478485,441.667664,441.856873,442.046082,442.235260,442.424438,442.613586,442.802734,442.991852,443.180969,443.370087,443.559174,443.748260,443.937317,444.126373,444.315399,444.504425,444.693451,444.882477,445.071472,445.260437,445.449402,445.638367,445.827301,446.016205,446.205139,446.394043,446.582947,446.771820,446.960693,447.149536,447.338379,447.527222,447.716034,447.904816,448.093628,448.282410,448.471191,448.659912,448.848663,449.037384,449.226135,449.414825,449.603485,449.792175,449.980865,450.169525,450.358124,450.546783,450.735382,450.924011,451.112610,451.301147,451.489716,451.678284,451.866821,452.055328,452.243866,452.432373,452.620880,452.809357,452.997803,453.186249,453.374695,453.563141,453.751556,453.939941,454.128326,454.316711,454.505096,454.693420,454.881775,455.070099,455.258423,455.446747,455.635010,455.823303,456.011566,456.199829,456.388031,456.576263,456.764496,456.952698,457.140900,457.329041,457.517212,457.705383,457.893524,458.081665,458.269745,458.457855,458.645966,458.834045,459.022095,459.210144,459.398193,459.586243,459.774261,459.962219,460.150238,460.338196,460.526184,460.714111,460.902039,461.089996,461.277924,461.465820,461.653687,461.841553,462.029449,462.217285,462.405151,462.592957,462.780762,462.968567,463.156372,463.344116,463.531891,463.719666,463.907410,464.095123,464.282837,464.470520,464.658234,464.845917,465.033539,465.221222,465.408844,465.596497,465.784119,465.971680,466.159271,466.346863,466.534424,466.721985,466.909515,467.097046,467.284546,467.472076,467.659546,467.847015,468.034485,468.221954,468.409393,468.596802,468.784210,468.971619,469.159027,469.346375,469.533722,469.721100,469.908447,470.095764,470.283051,470.470367,470.657654,470.844940,471.032227,471.219452,471.406677,471.593903,471.781128,471.968323,472.155518,472.342682,472.529846,472.717010,472.904144,473.091248,473.278381,473.465485,473.652557,473.839630,474.026703,474.213745,474.400818,474.587799,474.774811,474.961823,475.148834,475.335785,475.522736,475.709686,475.896637,476.083588,476.270477,476.457367,476.644257,476.831146,477.018005,477.204834,477.391693,477.578522,477.765350,477.952118,478.138916,478.325684,478.512451,478.699219,478.885925,479.072662,479.259369,479.446075,479.632751,479.819427,480.006104,480.192749,480.379395,480.565979,480.752594,480.939209,481.125793,481.312378,481.498932,481.685486,481.872040,482.058563,482.245056,482.431549,482.618042,482.804535,482.990997,483.177429,483.363861,483.550293,483.736694,483.923096,484.109467,484.295868,484.482208,484.668579,484.854889,485.041229,485.227539,485.413849,485.600128,485.786377,485.972656,486.158905,486.345154,486.531342,486.717560,486.903778,487.089966,487.276154,487.462280,487.648438,487.834564,488.020691,488.206787,488.392883,488.578979,488.765076,488.951141,489.137146,489.323212,489.509216,489.695251,489.881256,490.067200,490.253204,490.439148,490.625122,490.811035,490.996948,491.182861,491.368774,491.554657,491.740509,491.926392,492.112244,492.298065,492.483887,492.669678,492.855499,493.041290,493.227081,493.412811,493.598541,493.784302,493.970032,494.155701,494.341431,494.527100,494.712799,494.898438,495.084076,495.269714,495.455353,495.640961,495.826569,496.012115,496.197693,496.383270,496.568817,496.754333,496.939850,497.125366,497.310883,497.496368,497.681824,497.867279,498.052734,498.238190,498.423584,498.608978,498.794403,498.979797,499.165161,499.350494,499.535858,499.721191,499.906494,500.091827,500.277100,500.462433,500.647675,500.832916,501.018188,501.203400,501.388672,501.573853,501.759003,501.944244,502.129395,502.314514,502.499695,502.684814,502.869965,503.055054,503.240112,503.425232,503.610291,503.795380,503.980408,504.165405,504.350464,504.535461,504.720490,504.905457,505.090393,505.275391,505.460327,505.645233,505.830170,506.015076,506.200012,506.384857,506.569702,506.754608,506.939423,507.124298,507.309082,507.493866,507.678711,507.863464,508.048279,508.233002,508.417725,508.602478,508.787201,508.971924,509.156616,509.341248,509.525970,509.710602,509.895233,510.079895,510.264496,510.449127,510.633698,510.818268,511.002869,511.187408,511.371979,511.556488,511.740997,511.925537,512.109985,512.294495,512.478943,512.663391,512.847900,513.032288,513.216736,513.401123,513.585510,513.769897,513.954285,514.138611,514.322998,514.507263,514.691650,514.875916,515.060181,515.244507,515.428772,515.613037,515.797241,515.981445,516.165710,516.349915,516.534119,516.718323,516.902466,517.086609,517.270752,517.454895,517.639038,517.823120,518.007202,518.191284,518.375305,518.559448,518.743469,518.927490,519.111511,519.295471,519.479492,519.663452,519.847473,520.031433,520.215332,520.399292,520.583191,520.767151,520.950989,521.134888,521.318787,521.502625,521.686462,521.870300,522.054077,522.237915,522.421692,522.605469,522.789246,522.972961,523.156738,523.340454,523.524170,523.707886,523.891602,524.075317,524.258911,524.442566,524.626221,524.809875,524.993530,525.177063,525.360657,525.544250,525.727844,525.911438,526.094910,526.278442,526.461975,526.645447,526.828918,527.012451,527.195923,527.379395,527.562805,527.746216,527.929688,528.113037,528.296448,528.479858,528.663147,528.846558,529.029907,529.213257,529.396545,529.579834,529.763123,529.946411,530.129700,530.312927,530.496155,530.679443,530.862610,531.045776,531.229004,531.412170,531.595398,531.778503,531.961609,532.144775,532.327881,532.511047,532.694092,532.877136,533.060242,533.243286,533.426392,533.609375,533.792358,533.975403,534.158386,534.341370,534.524353,534.707275,534.890259,535.073120,535.256042,535.438965,535.621826,535.804749,535.987610,536.170410,536.353271,536.536133,536.718933,536.901733,537.084534,537.267334,537.450073,537.632874,537.815552,537.998291,538.181030,538.363708,538.546448,538.729065,538.911743,539.094421,539.277039,539.459656,539.642273,539.824890,540.007507,540.190063,540.372559,540.555176,540.737671,540.920227,541.102722,541.285217,541.467773,541.650208,541.832703,542.015137,542.197571,542.380005,542.562439,542.744873,542.927185,543.109558,543.291992,543.474304,543.656616,543.838989,544.021240,544.203613,544.385864,544.568115,544.750427,544.932678,545.114929,545.297119,545.479309,545.661560,545.843750,546.025940,546.208069,546.390198,546.572388,546.754517,546.936584,547.118713,547.300781,547.482910,547.664917,547.846985,548.029053,548.211060,548.393066,548.575073,548.757019,548.939026,549.120972,549.302979,549.484863,549.666809,549.848755,550.030640,550.212524,550.394409,550.576233,550.758118,550.939941,551.121765,551.303589,551.485352,551.667175,551.848938,552.030701,552.212463,552.394165,552.575928,552.757629,552.939331,553.121033,553.302673,553.484375,553.666016,553.847656,554.029297,554.210876,554.392517,554.574097,554.755615,554.937256,555.118774,555.300293,555.481812,555.663330,555.844849,556.026306,556.207764,556.389282,556.570679,556.752197,556.933594,557.114990,557.296387,557.477783,557.659180,557.840515,558.021851,558.203247,558.384521,558.565857,558.747131,558.928406,559.109741,559.290955,559.472168,559.653442,559.834656,560.015930,560.197083,560.378235,560.559448,560.740601,560.921814,561.102905,561.283997,561.465149,561.646240,561.827332,562.008423,562.189453,562.370544,562.551514,562.732605,562.913574,563.094543,563.275574,563.456543,563.637451,563.818481,563.999390,564.180298,564.361206,564.542114,564.723022,564.903870,565.084778,565.265564,565.446411,565.627258,565.808044,565.988892,566.169617,566.350403,566.531189,566.711914,566.892700,567.073364,567.254089,567.434814,567.615479,567.796143,567.976807,568.157471,568.338135,568.518738,568.699280,568.879944,569.060486,569.241089,569.421631,569.602173,569.782715,569.963257,570.143799,570.324280,570.504700,570.685242,570.865662,571.046143,571.226563,571.406982,571.587402,571.767761,571.948120,572.128540,572.308899,572.489258,572.669617,572.849915,573.030212,573.210510,573.390808,573.571106,573.751343,573.931580,574.111816,574.292053,574.472229,574.652405,574.832642,575.012817,575.192993,575.373108,575.553223,575.733398,575.913452,576.093567,576.273682,576.453735,576.633789,576.813843,576.993835,577.173889,577.353882,577.533936,577.713867,577.893860,578.073853,578.253723,578.433716,578.613647,578.793518,578.973450,579.153320,579.333191,579.513062,579.692871,579.872742,580.052551,580.232300,580.412170,580.591919,580.771729,580.951477,581.131165,581.310974,581.490662,581.670410,581.850037,582.029724,582.209412,582.389038,582.568726,582.748352,582.927979,583.107605,583.287170,583.466797,583.646362,583.825867,584.005432,584.184937,584.364441,584.544006,584.723450,584.903015,585.082458,585.261902,585.441345,585.620789,585.800232,585.979614,586.158997,586.338379,586.517761,586.697144,586.876465,587.055786,587.235107,587.414429,587.593689,587.773010,587.952271,588.131531,588.310791,588.489990,588.669250,588.848389,589.027649,589.206787,589.385925,589.565125,589.744263,589.923462,590.102539,590.281616,590.460754,590.639832,590.818909,590.997925,591.176941,591.356018,591.535034,591.713989,591.893066,592.072021,592.251038,592.429932,592.608887,592.787842,592.966736,593.145691,593.324524,593.503418,593.682312,593.861145,594.040039,594.218811,594.397644,594.576477,594.755249,594.934082,595.112793,595.291504,595.470337,595.649048,595.827698,596.006470,596.185120,596.363831,596.542480,596.721130,596.899780,597.078430,597.257080,597.435669,597.614197,597.792847,597.971375,598.149963,598.328491,598.507019,598.685547,598.864014,599.042542,599.221008,599.399475,599.577942,599.756409,599.934814,600.113220,600.291626,600.470032,600.648438,600.826782,601.005127,601.183472,601.361816,601.540161,601.718384,601.896729,602.075012,602.253296,602.431519,602.609741,602.788025,602.966187,603.144470,603.322632,603.500793,603.679016,603.857117,604.035217,604.213379,604.391479,604.569641,604.747681,604.925781,605.103882,605.281921,605.459961,605.638000,605.815979,605.994019,606.171997,606.349976,606.527954,606.705872,606.883850,607.061768,607.239746,607.417603,607.595459,607.773376,607.951233,608.129028,608.306946,608.484741,608.662598,608.840393,609.018127,609.195984,609.373718,609.551514,609.729187,609.906921,610.084656,610.262329,610.440063,610.617737,610.795349,610.973083,611.150696,611.328369,611.505920,611.683533,611.861145,612.038696,612.216248,612.393860,612.571350,612.748901,612.926392,613.103882,613.281433,613.458862,613.636353,613.813782,613.991211,614.168701,614.346069,614.523499,614.700867,614.878235,615.055664,615.232971,615.410339,615.587646,615.764954,615.942322,616.119568,616.296814,616.474121
pdY=272.600006,385.399994,333.700012,169.199997,296.100006,343.100006,263.200012,343.100006,361.899994,230.300003,263.200012,361.899994,239.699997,371.299988,347.799988,263.200012,277.299988,380.700012,277.299988,319.600006,394.799988,291.399994,277.299988,347.799988,545.200012,296.100006,399.500000,286.700012,239.699997,300.799988,352.500000,282.000000,394.799988,291.399994,277.299988,338.399994,324.299988,314.899994,305.500000,314.899994,394.799988,272.600006,329.000000,244.399994,220.899994,376.000000,329.000000,267.899994,249.100006,286.700012,235.000000,267.899994,371.299988,258.500000,286.700012,202.100006,277.299988,300.799988,310.200012,253.800003,211.500000,206.800003,338.399994,239.699997,324.299988,277.299988,277.299988,333.700012,347.799988,197.399994,343.100006,347.799988,263.200012,225.600006,333.700012,310.200012,300.799988,376.000000,277.299988,239.699997,568.700012,390.100006,216.199997,319.600006,211.500000,249.100006,314.899994,338.399994,272.600006,319.600006,305.500000,206.800003,230.300003,376.000000,282.000000,324.299988,451.200012,253.800003,253.800003,296.100006,361.899994,282.000000,235.000000,300.799988,235.000000,263.200012,408.899994,347.799988,206.800003,343.100006,253.800003,253.800003,324.299988,235.000000,211.500000,333.700012,352.500000,225.600006,408.899994,296.100006,202.100006,282.000000,338.399994,258.500000,258.500000,319.600006,282.000000,296.100006,272.600006,253.800003,286.700012,225.600006,296.100006,286.700012,310.200012,249.100006,272.600006,263.200012,347.799988,230.300003,239.699997,338.399994,286.700012,286.700012,338.399994,183.300003,244.399994,338.399994,277.299988,253.800003,376.000000,244.399994,258.500000,282.000000,357.200012,230.300003,286.700012,329.000000,286.700012,333.700012,408.899994,173.899994,192.699997,244.399994,282.000000,314.899994,385.399994,282.000000,244.399994,244.399994,220.899994,253.800003,371.299988,249.100006,211.500000,338.399994,282.000000,277.299988,282.000000,319.600006,282.000000,164.500000,206.800003,272.600006,235.000000,286.700012,150.399994,277.299988,206.800003,329.000000,173.899994,291.399994,338.399994,239.699997,324.299988,390.100006,173.899994,202.100006,329.000000,253.800003,173.899994,282.000000,343.100006,216.199997,253.800003,235.000000,202.100006,300.799988,357.200012,211.500000,343.100006,249.100006,300.799988,310.200012,253.800003,253.800003,230.300003,282.000000,286.700012,126.900002,249.100006,347.799988,206.800003,216.199997,338.399994,206.800003,347.799988,338.399994,253.800003,239.699997,286.700012,136.300003,239.699997,286.700012,291.399994,244.399994,253.800003,206.800003,305.500000,282.000000,277.299988,249.100006,249.100006,324.299988,277.299988,408.899994,319.600006,216.199997,282.000000,235.000000,225.600006,253.800003,272.600006,338.399994,169.199997,178.600006,291.399994,277.299988,286.700012,333.700012,267.899994,225.600006,366.600006,178.600006,305.500000,305.500000,225.600006,272.600006,319.600006,202.100006,277.299988,366.600006,235.000000,150.399994,394.799988,263.200012,314.899994,361.899994,267.899994,216.199997,216.199997,319.600006,258.500000,225.600006,249.100006,235.000000,291.399994,235.000000,263.200012,145.699997,329.000000,267.899994,220.899994,263.200012,286.700012,197.399994,220.899994,333.700012,239.699997,235.000000,357.200012,216.199997,206.800003,376.000000,291.399994,272.600006,239.699997,183.300003,258.500000,338.399994,258.500000,225.600006,282.000000,211.500000,300.799988,343.100006,253.800003,253.800003,282.000000,249.100006,263.200012,277.299988,235.000000,277.299988,239.699997,310.200012,249.100006,253.800003,371.299988,314.899994,169.199997,258.500000,343.100006,197.399994,310.200012,249.100006,258.500000,371.299988,249.100006,263.200012,267.899994,216.199997,277.299988,178.600006,333.700012,211.500000,267.899994,272.600006,272.600006,183.300003,272.600006,329.000000,216.199997,141.000000,282.000000,188.000000,197.399994,230.300003,319.600006,230.300003,277.299988,263.200012,324.299988,324.299988,225.600006,206.800003,197.399994,296.100006,282.000000,249.100006,286.700012,310.200012,155.100006,305.500000,192.699997,197.399994,324.299988,263.200012,244.399994,272.600006,220.899994,197.399994,305.500000,230.300003,75.199997,300.799988,272.600006,136.300003,253.800003,300.799988,230.300003,183.300003,296.100006,239.699997,249.100006,399.500000,272.600006,211.500000,296.100006,282.000000,230.300003,296.100006,366.600006,202.100006,173.899994,366.600006,244.399994,361.899994,390.100006,249.100006,178.600006,220.899994,235.000000,164.500000,366.600006,249.100006,230.300003,310.200012,305.500000,216.199997,357.200012,249.100006,202.100006,249.100006,296.100006,277.299988,361.899994,230.300003,159.800003,329.000000,310.200012,230.300003,239.699997,202.100006,192.699997,253.800003,253.800003,235.000000,277.299988,282.000000,319.600006,272.600006,206.800003,230.300003,258.500000,310.200012,333.700012,253.800003,122.199997,282.000000,376.000000,296.100006,249.100006,267.899994,220.899994,239.699997,310.200012,131.600006,277.299988,249.100006,136.300003,282.000000,329.000000,178.600006,235.000000,220.899994,277.299988,183.300003,338.399994,239.699997,253.800003,300.799988,216.199997,300.799988,300.799988,249.100006,291.399994,253.800003,192.699997,225.600006,272.600006,296.100006,178.600006,169.199997,319.600006,282.000000,155.100006,300.799988,202.100006,159.800003,314.899994,310.200012,188.000000,277.299988,202.100006,188.000000,267.899994,263.200012,244.399994,267.899994,253.800003,211.500000,249.100006,291.399994,202.100006,253.800003,258.500000,220.899994,300.799988,235.000000,272.600006,277.299988,188.000000,244.399994,329.000000,192.699997,249.100006,267.899994,216.199997,258.500000,333.700012,164.500000,324.299988,267.899994,225.600006,277.299988,343.100006,192.699997,197.399994,286.700012,183.300003,338.399994,366.600006,244.399994,169.199997,343.100006,230.300003,235.000000,258.500000,272.600006,253.800003,244.399994,319.600006,249.100006,173.899994,277.299988,183.300003,244.399994,361.899994,230.300003,188.000000,188.000000,310.200012,286.700012,286.700012,230.300003,173.899994,324.299988,296.100006,239.699997,286.700012,333.700012,220.899994,277.299988,249.100006,206.800003,305.500000,366.600006,220.899994,272.600006,258.500000,253.800003,286.700012,324.299988,258.500000,258.500000,216.199997,286.700012,220.899994,225.600006,286.700012,249.100006,206.800003,361.899994,220.899994,183.300003,314.899994,258.500000,277.299988,333.700012,272.600006,178.600006,249.100006,333.700012,310.200012,263.200012,230.300003,183.300003,253.800003,305.500000,150.399994,188.000000,291.399994,282.000000,263.200012,413.600006,159.800003,272.600006,329.000000,282.000000,286.700012,376.000000,272.600006,286.700012,277.299988,347.799988,239.699997,376.000000,258.500000,465.299988,225.600006,235.000000,277.299988,319.600006,394.799988,258.500000,216.199997,282.000000,343.100006,347.799988,380.700012,371.299988,437.100006,390.100006,423.000000,376.000000,371.299988,498.200012,399.500000,385.399994,460.600006,432.399994,371.299988,437.100006,343.100006,380.700012,343.100006,343.100006,329.000000,314.899994,371.299988,272.600006,239.699997,333.700012,206.800003,225.600006,282.000000,272.600006,211.500000,305.500000,310.200012,220.899994,319.600006,300.799988,216.199997,188.000000,324.299988,202.100006,272.600006,314.899994,216.199997,183.300003,263.200012,202.100006,277.299988,333.700012,282.000000,263.200012,371.299988,300.799988,206.800003,371.299988,329.000000,192.699997,267.899994,305.500000,220.899994,305.500000,324.299988,267.899994,296.100006,329.000000,324.299988,300.799988,343.100006,220.899994,206.800003,225.600006,352.500000,329.000000,305.500000,244.399994,197.399994,235.000000,394.799988,249.100006,267.899994,296.100006,225.600006,258.500000,324.299988,253.800003,333.700012,324.299988,235.000000,253.800003,343.100006,366.600006,211.500000,272.600006,286.700012,253.800003,258.500000,263.200012,291.399994,408.899994,314.899994,305.500000,272.600006,291.399994,277.299988,225.600006,314.899994,277.299988,188.000000,300.799988,286.700012,272.600006,352.500000,352.500000,296.100006,267.899994,343.100006,296.100006,235.000000,319.600006,216.199997,267.899994,296.100006,286.700012,211.500000,361.899994,286.700012,235.000000,310.200012,329.000000,216.199997,338.399994,310.200012,235.000000,277.299988,253.800003,366.600006,333.700012,352.500000,286.700012,272.600006,343.100006,394.799988,225.600006,385.399994,319.600006,249.100006,333.700012,394.799988,291.399994,376.000000,329.000000,239.699997,296.100006,310.200012,343.100006,314.899994,408.899994,263.200012,253.800003,314.899994,352.500000,347.799988,338.399994,272.600006,263.200012,319.600006,329.000000,310.200012,352.500000,352.500000,267.899994,329.000000,324.299988,347.799988,333.700012,296.100006,366.600006,267.899994,282.000000,333.700012,352.500000,178.600006,343.100006,441.799988,263.200012,333.700012,329.000000,253.800003,357.200012,300.799988,512.299988,385.399994,314.899994,282.000000,319.600006,333.700012,418.299988,366.600006,376.000000,296.100006,380.700012,291.399994,314.899994,366.600006,376.000000,267.899994,347.799988,310.200012,366.600006,310.200012,394.799988,352.500000,338.399994,380.700012,319.600006,329.000000,376.000000,441.799988,310.200012,361.899994,376.000000,282.000000,361.899994,235.000000,380.700012,296.100006,465.299988,352.500000,361.899994,361.899994,366.600006,343.100006,423.000000,418.299988,272.600006,484.100006,446.500000,319.600006,418.299988,399.500000,385.399994,361.899994,451.200012,361.899994,343.100006,460.600006,319.600006,333.700012,390.100006,408.899994,286.700012,465.299988,296.100006,361.899994,352.500000,446.500000,366.600006,404.200012,423.000000,455.899994,371.299988,446.500000,470.000000,352.500000,437.100006,390.100006,385.399994,493.500000,507.600006,333.700012,437.100006,404.200012,371.299988,446.500000,441.799988,455.899994,418.299988,432.399994,455.899994,390.100006,385.399994,413.600006,385.399994,455.899994,437.100006,540.500000,418.299988,474.700012,408.899994,502.899994,484.100006,418.299988,432.399994,531.099976,521.700012,423.000000,488.799988,437.100006,390.100006,446.500000,535.799988,385.399994,526.400024,484.100006,423.000000,554.599976,498.200012,441.799988,502.899994,507.600006,484.100006,526.400024,592.200012,493.500000,540.500000,549.900024,526.400024,451.200012,517.000000,545.200012,441.799988,488.799988,568.700012,441.799988,512.299988,540.500000,512.299988,611.000000,470.000000,559.299988,568.700012,700.299988,517.000000,512.299988,592.200012,498.200012,592.200012,620.400024,662.700012,470.000000,658.000000,554.599976,564.000000,625.099976,643.900024,549.900024,648.599976,611.000000,620.400024,625.099976,690.900024,625.099976,611.000000,662.700012,592.200012,601.599976,667.400024,564.000000,526.400024,596.900024,723.799988,578.099976,695.599976,564.000000,653.299988,596.900024,686.200012,799.000000,620.400024,643.900024,620.400024,564.000000,761.400024,587.500000,719.099976,813.099976,723.799988,690.900024,700.299988,761.400024,653.299988,686.200012,737.900024,700.299988,869.500000,766.099976,705.000000,658.000000,780.200012,747.299988,756.700012,784.900024,756.700012,733.200012,719.099976,874.200012,888.299988,808.400024,752.000000,737.900024,878.900024,996.400024,836.599976,784.900024,846.000000,897.700012,775.500000,841.299988,836.599976,808.400024,902.400024,893.000000,794.299988,883.599976,864.799988,813.099976,916.500000,925.900024,869.500000,822.500000,902.400024,893.000000,963.500000,1019.900024,949.400024,874.200012,944.700012,888.299988,972.900024,878.900024,968.200012,935.299988,925.900024,982.299988,987.000000,930.599976,996.400024,954.099976,935.299988,1034.000000,860.099976,1019.900024,1038.699951,1052.800049,930.599976,1193.800049,1095.099976,1010.500000,1123.300049,1090.400024,1156.199951,1104.500000,1109.199951,930.599976,968.200012,1113.900024,1034.000000,1062.199951,1198.500000,1085.699951,1099.800049,1203.199951,1146.800049,1156.199951,1165.599976,1334.800049,1118.599976,1142.099976,1311.300049,1132.699951,1123.300049,1344.199951,1160.900024,1278.400024,1344.199951,1189.099976,1189.099976,1240.800049,1278.400024,1142.099976,1348.900024,1297.199951,1212.599976,1240.800049,1339.500000,1240.800049,1353.599976,1358.300049,1240.800049,1344.199951,1424.099976,1395.900024,1264.300049,1410.000000,1424.099976,1424.099976,1433.500000,1428.800049,1372.400024,1489.900024,1442.900024,1551.000000,1532.199951,1447.599976,1471.099976,1565.099976,1466.400024,1447.599976,1457.000000,1588.599976,1536.900024,1452.300049,1536.900024,1438.199951,1442.900024,1673.199951,1701.400024,1508.699951,1645.000000,1621.500000,1612.099976,1710.800049,1663.800049,1569.800049,1640.300049,1692.000000,1607.400024,1767.199951,1786.000000,1593.300049,1729.599976,1786.000000,1818.900024,1692.000000,1837.699951,1786.000000,1715.500000,1790.699951,1922.300049,1800.099976,1818.900024,1790.699951,1847.099976,1889.400024,1922.300049,1645.000000,1870.599976,2021.000000,1894.099976,1964.599976,2021.000000,1903.500000,1880.000000,1997.500000,2100.899902,1945.800049,1997.500000,2110.300049,1884.699951,2025.699951,2091.500000,2053.899902,2053.899902,2049.199951,2053.899902,2086.800049,2152.600098,2049.199951,2091.500000,2166.699951,2152.600098,2147.899902,2180.800049,2129.100098,2157.300049,2180.800049,2307.699951,2227.800049,2223.100098,2298.300049,2303.000000,2307.699951,2321.800049,2293.600098,2340.600098,2354.699951,2378.199951,2288.899902,2345.300049,2458.100098,2350.000000,2401.699951,2467.500000,2434.600098,2533.300049,2495.699951,2406.399902,2472.199951,2561.500000,2570.899902,2542.699951,2599.100098,2514.500000,2660.199951,2636.699951,2697.800049,2655.500000,2674.300049,2613.199951,2589.699951,2646.100098,2721.300049,2683.699951,2655.500000,2815.300049,2791.800049,2909.300049,2787.100098,2791.800049,2768.300049,2805.899902,2904.600098,2899.899902,2937.500000,2843.500000,2871.699951,3031.500000,2970.399902,3031.500000,3012.699951,2998.600098,2993.899902,3031.500000,3280.600098,3087.899902,3017.399902,3134.899902,3087.899902,3064.399902,3261.800049,3153.699951,3097.300049,3238.300049,3130.199951,3125.500000,3224.199951,3172.500000,3144.300049,3205.399902,3318.199951,3247.699951,3304.100098,3299.399902,3200.699951,3257.100098,3308.800049,3398.100098,3243.000000,3374.600098,3346.399902,3318.199951,3407.500000,3426.300049,3548.500000,3440.399902,3619.000000,3388.699951,3473.300049,3534.399902,3412.199951,3520.300049,3576.699951,3595.500000,3454.500000,3703.600098,3553.199951,3534.399902,3656.600098,3548.500000,3637.800049,3689.500000,3792.899902,3600.199951,3736.500000,3557.899902,3741.199951,3858.699951,3816.399902,3745.899902,3924.500000,3910.399902,3816.399902,3919.800049,3976.199951,3943.300049,3797.600098,3980.899902,3807.000000,4032.600098,3915.100098,4107.799805,3957.399902,4121.899902,4004.399902,4164.200195,4023.199951,4187.700195,3966.800049,4136.000000,4145.399902,4192.399902,4168.899902,4319.299805,4183.000000,4305.200195,4371.000000,4309.899902,4286.399902,4333.399902,4422.700195,4291.100098,4347.500000,4469.700195,4305.200195,4338.100098,4479.100098,4502.600098,4380.399902,4596.600098,4446.200195,4385.100098,4690.600098,4653.000000,4610.700195,4634.200195,4643.600098,4653.000000,4568.399902,4737.600098,4714.100098,4836.299805,4784.600098,4723.500000,4803.399902,4855.100098,4747.000000,4878.600098,4897.399902,4817.500000,4845.700195,5014.899902,4963.200195,5029.000000,4953.799805,4967.899902,4958.500000,5090.100098,5146.500000,5123.000000,5174.700195,5132.399902,5000.799805,5193.500000,5198.200195,5320.399902,5287.500000,5362.700195,5334.500000,5264.000000,5268.700195,5395.600098,5395.600098,5405.000000,5494.299805,5569.500000,5452.000000,5456.700195,5466.100098,5470.799805,5729.299805,5541.299805,5682.299805,5785.700195,5578.899902,5757.500000,5734.000000,5715.200195,5813.899902,5823.299805,5842.100098,5823.299805,6030.100098,5926.700195,5917.299805,6011.299805,6044.200195,6034.799805,6053.600098,6124.100098,6142.899902,6067.700195,6138.200195,6246.299805,6218.100098,6218.100098,6349.700195,6283.899902,6288.600098,6490.700195,6401.399902,6439.000000,6471.899902,6401.399902,6528.299805,6735.100098,6476.600098,6589.399902,6758.600098,6650.500000,6692.799805,6777.399902,6688.100098,6688.100098,6800.899902,6777.399902,6735.100098,6899.600098,6979.500000,6866.700195,6979.500000,7111.100098,6988.899902,7035.899902,7054.700195,7054.700195,7200.399902,7242.700195,7214.500000,7125.200195,7308.500000,7440.100098,7303.799805,7482.399902,7520.000000,7454.200195,7430.700195,7548.200195,7520.000000,7524.700195,7693.899902,7604.600098,7642.200195,7872.500000,7745.600098,7769.100098,7877.200195,7886.600098,7943.000000,8037.000000,8013.500000,7877.200195,8032.299805,8196.799805,8121.600098,8309.599609,8140.399902,8220.299805,8239.099609,8469.400391,8276.700195,8309.599609,8488.200195,8488.200195,8544.599609,8549.299805,8648.000000,8643.299805,8502.299805,8760.799805,8709.099609,8793.700195,8840.700195,8831.299805,8901.799805,9009.900391,8981.700195,9047.500000,9005.200195,9014.599609,9061.599609,9230.799805,9244.900391,9230.799805,9343.599609,9306.000000,9244.900391,9381.200195,9447.000000,9273.099609,9531.599609,9625.599609,9465.799805,9611.500000,9705.500000,9498.700195,9780.700195,9747.799805,9733.700195,9827.700195,9705.500000,9978.099609,9884.099609,9888.799805,10175.500000,10142.599609,10231.900391,10222.500000,10180.200195,10269.500000,10335.299805,10349.400391,10368.200195,10452.799805,10532.700195,10457.500000,10528.000000,10551.500000,10659.599609,10889.900391,10814.700195,10810.000000,10838.200195,10904.000000,10979.200195,11063.799805,10908.700195,10983.900391,11171.900391,11190.700195,11176.599609,11364.599609,11176.599609,11186.000000,11515.000000,11261.200195,11453.900391,11674.799805,11613.700195,11594.900391,11618.400391,11787.599609,11768.799805,11792.299805,11952.099609,11797.000000,11980.299805,12093.099609,12064.900391,12041.400391,12276.400391,12093.099609,12201.200195,12201.200195,12318.700195,12295.200195,12469.099609,12511.400391,12567.799805,12436.200195,12586.599609,12581.900391,12699.400391,12713.500000,12868.599609,12835.700195,12896.799805,12896.799805,12849.799805,13061.299805,13103.599609,13094.200195,13235.200195,13164.700195,13178.799805,13333.900391,13366.799805,13545.400391,13498.400391,13531.299805,13653.500000,13677.000000,13700.500000,13728.700195,13639.400391,13789.799805,13841.500000,13860.299805,13926.099609,14109.400391,14109.400391,14001.299805,14104.700195,14184.599609,14353.799805,14278.599609,14222.200195,14353.799805,14523.000000,14508.900391,14621.700195,14612.299805,14668.700195,14659.299805,14903.700195,14805.000000,14621.700195,14983.599609,15040.000000,14913.099609,15134.000000,15025.900391,15148.099609,15270.299805,15354.900391,15463.000000,15467.700195,15401.900391,15542.900391,15524.099609,15486.500000,15575.799805,15604.000000,15627.500000,15777.900391,15886.000000,15820.200195,16069.299805,16074.000000,15914.200195,16121.000000,16064.599609,16097.500000,16257.299805,16370.099609,16431.199219,16548.699219,16417.099609,16450.000000,16576.900391,16661.500000,16755.500000,16797.800781,16694.400391,16830.699219,16746.099609,17051.599609,17155.000000,16967.000000,17277.199219,17089.199219,17234.900391,17159.699219,17357.099609,17361.800781,17404.099609,17291.300781,17742.500000,17690.800781,17770.699219,17723.699219,17822.400391,17775.400391,17869.400391,17944.599609,17907.000000,18221.900391,18127.900391,18273.599609,18127.900391,18221.900391,18362.900391,18405.199219,18494.500000,18616.699219,18607.300781,18560.300781,18828.199219,18847.000000,18936.300781,18973.900391,19002.099609,19011.500000,19082.000000,19100.800781,19190.099609,19138.400391,19396.900391,19199.500000,19284.099609,19420.400391,19340.500000,19580.199219,19622.500000,19660.099609,19782.300781,20111.300781,19843.400391,19993.800781,20064.300781,20327.500000,19960.900391,20153.599609,20134.800781,20412.099609,20586.000000,20332.199219,20755.199219,20557.800781,20755.199219,20792.800781,20802.199219,20943.199219,20825.699219,20797.500000,20665.900391,21046.599609,21140.599609,21088.900391,21229.900391,21314.500000,21474.300781,21507.199219,21493.099609,21605.900391,21629.400391,21737.500000,21775.099609,21728.099609,21906.699219,22052.400391,22057.099609,22066.500000,22249.800781,22310.900391,22315.599609,22419.000000,22249.800781,22578.800781,22508.300781,22630.500000,22649.300781,23025.300781,22635.199219,22856.099609,22978.300781,22964.199219,23232.099609,22964.199219,23152.199219,23471.800781,23471.800781,23650.400391,23481.199219,23518.800781,23622.199219,23650.400391,23584.599609,23814.900391,23725.599609,24162.699219,23753.800781,24143.900391,24190.900391,24369.500000,24200.300781,24219.099609,24618.599609,24632.699219,24425.900391,24707.900391,24670.300781,24783.099609,25130.900391,24938.199219,24750.199219,25013.400391,25041.599609,25271.900391,25140.300781,25290.699219,25492.800781,25497.500000,25276.599609,25563.300781,25586.800781,25774.800781,25643.199219,25615.000000,25859.400391,25944.000000,25817.099609,25840.599609,26179.000000,25995.699219,26080.300781,26310.599609,26343.500000,26301.199219,26503.300781,26395.199219,26752.400391,26714.800781,26536.199219,26587.900391,26949.800781,26921.599609,26931.000000,26916.900391,27086.099609,26992.099609,27039.099609,27518.500000,27330.500000,27269.400391,27297.599609,27471.500000,27556.099609,27800.500000,27631.300781,27856.900391,27800.500000,27875.699219,27918.000000,28157.699219,28345.699219,28218.800781,28312.800781,28247.000000,28538.400391,28420.900391,28435.000000,28496.099609,28458.500000,28759.300781,28843.900391,28665.300781,29003.699219,28928.500000,29121.199219,29074.199219,29271.599609,29243.400391,29299.800781,29295.099609,29290.400391,29483.099609,29581.800781,29520.699219,29591.199219,29704.000000,29638.199219,29877.900391,29901.400391,29807.400391,29953.099609,30122.300781,30108.199219,30202.199219,30451.300781,30446.599609,30366.699219,30832.000000,30681.599609,30578.199219,30540.599609,30817.900391,31001.199219,30930.699219,30987.099609,30653.400391,31081.099609,31189.199219,31259.699219,31099.900391,31828.400391,31419.500000,31551.099609,31955.300781,31598.099609,31687.400391,31931.800781,32096.300781,32058.699219,32185.599609,32307.800781,32251.400391,32218.500000,32401.800781,32524.000000,32425.300781,32984.601563,32853.000000,32970.500000,32876.500000,32970.500000,33092.699219,33196.101563,33163.199219,33515.699219,33482.800781,33398.199219,33492.199219,33637.898438,33760.101563,33854.101563,33717.800781,33962.199219,33924.601563,34220.699219,34051.500000,34060.898438,34211.300781,34333.500000,34051.500000,34399.300781,34686.000000,34714.199219,34545.000000,34798.800781,34681.300781,34657.800781,35123.101563,35174.800781,35231.199219,35057.300781,35231.199219,35503.800781,35485.000000,35583.699219,35231.199219,35508.500000,35757.601563,35959.699219,35673.000000,35776.398438,35654.199219,36002.000000,35776.398438,35738.800781,35987.898438,36067.800781,36049.000000,36434.398438,36232.300781,36284.000000,36288.699219,36279.300781,36180.601563,36251.101563,36439.101563,36580.101563,36608.300781,36551.898438,36678.800781,36791.601563,36269.898438,36744.601563,36777.500000,36749.300781,36946.699219,37045.398438,37134.699219,36890.300781,36984.300781,37031.300781,37365.000000,37327.398438,37449.601563,37510.699219,37454.300781,37976.000000,37571.800781,38102.898438,37778.601563,37844.398438,37656.398438,37943.101563,38055.898438,37976.000000,37914.898438,38178.101563,38164.000000,38422.500000,38469.500000,38281.500000,38370.800781,38272.101563,38540.000000,38718.601563,38657.500000,38474.199219,38920.699219,38986.500000,38601.101563,38967.699219,39005.300781,38784.398438,38972.398438,39259.101563,39075.800781,39042.898438,38897.199219,39066.398438,39061.699219,39132.199219,39498.800781,39564.601563,39616.300781,39865.398438

