strScanMode = 
strWave = 
powervalue = 
pinhole = 0
grating = 
slit = 0
ExpTime = 
unit = 
strCenterWave = 
strStartWave = 
strEndWave = 
totalnum = 1
strInterFlg = 
strIntervaltime = 
intervalnum = 0
haveTitle = false
dataFrom = 0
laserWaveLength = 532.0
pdX = 526.022278,526.096558,526.170776,526.245056,526.319275,526.393555,526.467834,526.542053,526.616333,526.690552,526.764832,526.839050,526.913330,526.987549,527.061829,527.136108,527.210327,527.284607,527.358826,527.433105,527.507324,527.581543,527.655823,527.730042,527.804321,527.878540,527.952820,528.027039,528.101318,528.175537,528.249817,528.324036,528.398254,528.472534,528.546753,528.621033,528.695251,528.769470,528.843750,528.917969,528.992188,529.066467,529.140686,529.214905,529.289185,529.363403,529.437622,529.511902,529.586121,529.660339,529.734619,529.808838,529.883057,529.957275,530.031555,530.105774,530.179993,530.254211,530.328491,530.402710,530.476929,530.551147,530.625427,530.699646,530.773865,530.848083,530.922302,530.996521,531.070801,531.145020,531.219238,531.293457,531.367676,531.441895,531.516174,531.590393,531.664612,531.738831,531.813049,531.887268,531.961487,532.035706,532.109924,532.184143,532.258362,532.332642,532.406860,532.481079,532.555298,532.629517,532.703735,532.777954,532.852173,532.926392,533.000610,533.074829,533.149048,533.223267,533.297485,533.371704,533.445923,533.520081,533.594299,533.668518,533.742737,533.816956,533.891174,533.965393,534.039612,534.113831,534.188049,534.262207,534.336426,534.410645,534.484863,534.559082,534.633301,534.707520,534.781677,534.855896,534.930115,535.004333,535.078552,535.152710,535.226929,535.301147,535.375366,535.449524,535.523743,535.597961,535.672180,535.746338,535.820557,535.894775,535.968994,536.043152,536.117371,536.191589,536.265747,536.339966,536.414185,536.488342,536.562561,536.636780,536.710938,536.785156,536.859314,536.933533,537.007751,537.081909,537.156128,537.230286,537.304504,537.378723,537.452881,537.527100,537.601257,537.675476,537.749634,537.823853,537.898010,537.972229,538.046387,538.120605,538.194763,538.268982,538.343140,538.417358,538.491516,538.565735,538.639893,538.714050,538.788269,538.862427,538.936646,539.010803,539.084961,539.159180,539.233337,539.307556,539.381714,539.455872,539.530090,539.604248,539.678406,539.752625,539.826782,539.900940,539.975159,540.049316,540.123474,540.197632,540.271851,540.346008,540.420166,540.494324,540.568542,540.642700,540.716858,540.791016,540.865234,540.939392,541.013550,541.087708,541.161865,541.236023,541.310242,541.384399,541.458557,541.532715,541.606873,541.681030,541.755188,541.829346,541.903564,541.977722,542.051880,542.126038,542.200195,542.274353,542.348511,542.422668,542.496826,542.570984,542.645142,542.719299,542.793457,542.867615,542.941772,543.015930,543.090088,543.164246,543.238403,543.312561,543.386719,543.460876,543.534973,543.609131,543.683289,543.757446,543.831604,543.905762,543.979919,544.054077,544.128174,544.202332,544.276489,544.350647,544.424805,544.498962,544.573059,544.647217,544.721375,544.795532,544.869629,544.943787,545.017944,545.092102,545.166199,545.240356,545.314514,545.388672,545.462769,545.536926,545.611084,545.685181,545.759338,545.833496,545.907593,545.981750,546.055847,546.130005,546.204163,546.278259,546.352417,546.426575,546.500671,546.574829,546.648926,546.723083,546.797180,546.871338,546.945435,547.019592,547.093689,547.167847,547.241943,547.316101,547.390198,547.464355,547.538452,547.612610,547.686707,547.760864,547.834961,547.909058,547.983215,548.057312,548.131470,548.205566,548.279663,548.353821,548.427917,548.502014,548.576172,548.650269,548.724365,548.798523,548.872620,548.946716,549.020813,549.094971,549.169067,549.243164,549.317261,549.391418,549.465515,549.539612,549.613708,549.687866,549.761963,549.836060,549.910156,549.984253,550.058350,550.132507,550.206604,550.280701,550.354797,550.428894,550.502991,550.577087,550.651184,550.725281,550.799377,550.873474,550.947632,551.021729,551.095825,551.169922,551.244019,551.318115,551.392212,551.466309,551.540405,551.614502,551.688538,551.762634,551.836731,551.910828,551.984924,552.059021,552.133118,552.207214,552.281311,552.355408,552.429443,552.503540,552.577637,552.651733,552.725830,552.799927,552.873962,552.948059,553.022156,553.096252,553.170349,553.244385,553.318481,553.392578,553.466675,553.540710,553.614807,553.688904,553.762939,553.837036,553.911133,553.985168,554.059265,554.133362,554.207397,554.281494,554.355591,554.429626,554.503723,554.577759,554.651855,554.725891,554.799988,554.874084,554.948120,555.022217,555.096252,555.170349,555.244385,555.318481,555.392517,555.466614,555.540649,555.614685,555.688782,555.762817,555.836914,555.910950,555.985046,556.059082,556.133118,556.207214,556.281250,556.355286,556.429382,556.503418,556.577454,556.651550,556.725586,556.799622,556.873718,556.947754,557.021790,557.095825,557.169922,557.243958,557.317993,557.392029,557.466125,557.540161,557.614197,557.688232,557.762268,557.836304,557.910400,557.984436,558.058472,558.132507,558.206543,558.280579,558.354614,558.428650,558.502686,558.576721,558.650818,558.724854,558.798889,558.872925,558.946960,559.020996,559.095032,559.169067,559.243103,559.317078,559.391113,559.465149,559.539185,559.613220,559.687256,559.761292,559.835327,559.909363,559.983398,560.057373,560.131409,560.205444,560.279480,560.353516,560.427551,560.501526,560.575562,560.649597,560.723633,560.797607,560.871643,560.945679,561.019714,561.093689,561.167725,561.241760,561.315735,561.389771,561.463806,561.537781,561.611816,561.685852,561.759827,561.833862,561.907837,561.981873,562.055908,562.129883,562.203918,562.277893,562.351929,562.425903,562.499939,562.573914,562.647949,562.721924,562.795959,562.869934,562.943970,563.017944,563.091980,563.165955,563.239929,563.313965,563.387939,563.461975,563.535950,563.609924,563.683960,563.757935,563.831909,563.905945,563.979919,564.053894,564.127869,564.201904,564.275879,564.349854,564.423828,564.497864,564.571838,564.645813,564.719788,564.793762,564.867798,564.941772,565.015747,565.089722,565.163696,565.237671,565.311646,565.385620,565.459656,565.533630,565.607605,565.681580,565.755554,565.829529,565.903503,565.977478,566.051453,566.125427,566.199402,566.273376,566.347351,566.421326,566.495300,566.569275,566.643188,566.717163,566.791138,566.865112,566.939087,567.013062,567.087036,567.160950,567.234924,567.308899,567.382874,567.456848,567.530762,567.604736,567.678711,567.752686,567.826599,567.900574,567.974548,568.048523,568.122437,568.196411,568.270386,568.344299,568.418274,568.492249,568.566162,568.640137,568.714050,568.788025,568.862000,568.935913,569.009888,569.083801,569.157776,569.231689,569.305664,569.379578,569.453552,569.527466,569.601440,569.675354,569.749329,569.823242,569.897156,569.971130,570.045044,570.119019,570.192932,570.266846,570.340820,570.414734,570.488647,570.562622,570.636536,570.710449,570.784363,570.858337,570.932251,571.006165,571.080078,571.154053,571.227966,571.301880,571.375793,571.449707,571.523682,571.597595,571.671509,571.745422,571.819336,571.893250,571.967163,572.041077,572.115051,572.188965,572.262878,572.336792,572.410706,572.484619,572.558533,572.632446,572.706360,572.780273,572.854187,572.928040,573.001953,573.075867,573.149780,573.223694,573.297607,573.371521,573.445435,573.519348,573.593201,573.667114,573.741028,573.814941,573.888855,573.962708,574.036621,574.110535,574.184448,574.258301,574.332214,574.406128,574.480042,574.553894,574.627808,574.701721,574.775574,574.849487,574.923340,574.997253,575.071167,575.145020,575.218933,575.292786,575.366699,575.440552,575.514465,575.588318,575.662231,575.736084,575.809998,575.883850,575.957764,576.031616,576.105530,576.179382,576.253235,576.327148,576.401001,576.474915,576.548767,576.622620,576.696533,576.770386,576.844238,576.918152,576.992004,577.065857,577.139709,577.213623,577.287476,577.361328,577.435181,577.509033,577.582947,577.656799,577.730652,577.804504,577.878357,577.952209,578.026062,578.099976,578.173828,578.247681,578.321533,578.395386,578.469238,578.543091,578.616943,578.690796,578.764648,578.838501,578.912354,578.986206,579.060059,579.133911,579.207703,579.281555,579.355408,579.429260,579.503113,579.576965,579.650818,579.724609,579.798462,579.872314,579.946167,580.020020,580.093811,580.167664,580.241516,580.315369,580.389160,580.463013,580.536865,580.610657,580.684509,580.758362,580.832153,580.906006,580.979797,581.053650,581.127502,581.201294,581.275146,581.348938,581.422791,581.496582,581.570435,581.644226,581.718079,581.791870,581.865723,581.939514,582.013367,582.087158,582.160950,582.234802,582.308594,582.382446,582.456238,582.530029,582.603882,582.677673,582.751465,582.825256,582.899109,582.972900,583.046692,583.120483,583.194336,583.268127,583.341919,583.415710,583.489502,583.563354,583.637146,583.710938,583.784729,583.858521,583.932312,584.006104,584.079895,584.153687,584.227478,584.301270,584.375061,584.448853,584.522644,584.596436,584.670227,584.744019,584.817810,584.891602,584.965393,585.039185,585.112976,585.186768,585.260498,585.334290,585.408081,585.481873,585.555664,585.629456,585.703186,585.776978,585.850769,585.924561,585.998291,586.072083,586.145874,586.219604,586.293396,586.367188,586.440918,586.514709,586.588440,586.662231,586.736023,586.809753,586.883545,586.957275,587.031067,587.104797,587.178589,587.252319,587.326111,587.399841,587.473633,587.547363,587.621155,587.694885,587.768616,587.842407,587.916138,587.989929,588.063660,588.137390,588.211182,588.284912,588.358643,588.432373,588.506165,588.579895,588.653625,588.727356,588.801147,588.874878,588.948608,589.022339,589.096069,589.169800,589.243530,589.317322,589.391052,589.464783,589.538513,589.612244,589.685974,589.759705,589.833435,589.907166,589.980896,590.054626,590.128357,590.202087,590.275818,590.349548,590.423279,590.496948,590.570679,590.644409,590.718140,590.791870,590.865601,590.939270,591.013000,591.086731,591.160461,591.234192,591.307861,591.381592,591.455322,591.528992,591.602722,591.676453,591.750122,591.823853,591.897583,591.971252,592.044983,592.118652,592.192383,592.266113,592.339783,592.413513,592.487183,592.560913,592.634583,592.708313,592.781982,592.855652,592.929382,593.003052,593.076782,593.150452,593.224121,593.297852,593.371521,593.445190,593.518921,593.592590,593.666260,593.739990,593.813660,593.887329,593.960999,594.034729,594.108398,594.182068,594.255737,594.329407,594.403076,594.476746,594.550476,594.624146,594.697815,594.771484,594.845154,594.918823,594.992493,595.066162,595.139832,595.213501,595.287170,595.360840,595.434509,595.508179,595.581848,595.655457,595.729126,595.802795,595.876465,595.950134,596.023804,596.097473,596.171082,596.244751,596.318420,596.392090,596.465698,596.539368,596.613037,596.686646,596.760315,596.833984,596.907593,596.981262,597.054932,597.128540,597.202209,597.275818,597.349487,597.423157,597.496765,597.570435,597.644043,597.717712,597.791321,597.864929,597.938599,598.012207,598.085876,598.159485,598.233154,598.306763,598.380371,598.454041,598.527649,598.601257,598.674866,598.748535,598.822144,598.895752,598.969421,599.043030,599.116638,599.190247,599.263855,599.337463,599.411133,599.484741,599.558350,599.631958,599.705566,599.779175,599.852783,599.926392,600.000000,600.073608,600.147217,600.220825,600.294434,600.368042,600.441650,600.515259,600.588867,600.662476,600.736084,600.809631,600.883240,600.956848,601.030457,601.104065,601.177612,601.251221,601.324829,601.398438,601.471985,601.545593,601.619202,601.692749,601.766357,601.839966,601.913513,601.987122,602.060730,602.134277,602.207886,602.281433,602.355042,602.428589,602.502197,602.575745,602.649353,602.722900,602.796509,602.870056,602.943665,603.017212,603.090759,603.164368,603.237915,603.311462,603.385071,603.458618,603.532166,603.605774,603.679321,603.752869,603.826416,603.900024,603.973572,604.047119,604.120667,604.194214,604.267761,604.341309,604.414917,604.488464,604.562012,604.635559,604.709106,604.782654,604.856201,604.929749,605.003296,605.076843,605.150391,605.223938,605.297485,605.371033,605.444519,605.518066,605.591614,605.665161,605.738708,605.812256,605.885742,605.959290,606.032837,606.106384,606.179871,606.253418,606.326965,606.400452,606.473999,606.547546,606.621033,606.694580,606.768127,606.841614,606.915161,606.988647,607.062195,607.135681,607.209229,607.282715,607.356262,607.429749,607.503296,607.576782,607.650330,607.723816,607.797302,607.870850,607.944336,608.017822,608.091370,608.164856,608.238342,608.311890,608.385376,608.458862,608.532349,608.605835,608.679382,608.752869,608.826355,608.899841,608.973328,609.046814,609.120300,609.193787,609.267334,609.340820,609.414307,609.487793,609.561279,609.634766,609.708252,609.781677,609.855164,609.928650,610.002136,610.075623,610.149109,610.222595,610.296082,610.369507,610.442993,610.516479,610.589966,610.663452,610.736877,610.810364,610.883850,610.957275,611.030762,611.104248,611.177673,611.251160,611.324646,611.398071,611.471558,611.544983,611.618469,611.691895,611.765381,611.838806,611.912292,611.985718,612.059204,612.132629,612.206055,612.279541,612.352966,612.426453,612.499878,612.573303,612.646729,612.720215,612.793640,612.867065,612.940552,613.013977,613.087402,613.160828,613.234253,613.307678,613.381165,613.454590,613.528015,613.601440,613.674866,613.748291,613.821716,613.895142,613.968567,614.041992,614.115417,614.188843,614.262268,614.335693,614.409119,614.482544,614.555969,614.629333,614.702759,614.776184,614.849609,614.923035,614.996399,615.069824,615.143250,615.216675,615.290039,615.363464,615.436890,615.510254,615.583679,615.657104,615.730469,615.803894,615.877258,615.950684,616.024048,616.097473,616.170837,616.244263,616.317627,616.391052,616.464417,616.537842,616.611206,616.684570,616.757996,616.831360,616.904724,616.978149,617.051514,617.124878,617.198303,617.271667,617.345032,617.418396,617.491760,617.565186,617.638550,617.711914,617.785278,617.858643,617.932007,618.005371,618.078735,618.152100,618.225464,618.298828,618.372192,618.445557,618.518921,618.592285,618.665649,618.739014,618.812378,618.885742,618.959106,619.032410,619.105774,619.179138,619.252502,619.325867,619.399170,619.472534,619.545898,619.619202,619.692566,619.765930,619.839233,619.912598,619.985962,620.059265,620.132629,620.205933,620.279297,620.352600,620.425964,620.499268,620.572632,620.645935,620.719299,620.792603,620.865967,620.939270,621.012573,621.085938,621.159241,621.232544,621.305908,621.379211,621.452515,621.525818,621.599121,621.672485,621.745789,621.819092,621.892395,621.965698,622.039001,622.112305,622.185669,622.258972,622.332275,622.405579,622.478882,622.552185,622.625488,622.698792,622.772095,622.845337,622.918640,622.991943,623.065247,623.138550,623.211853,623.285156,623.358398,623.431702,623.505005,623.578308,623.651550,623.724854,623.798157,623.871399,623.944702,624.018005,624.091248,624.164551,624.237793,624.311096,624.384399,624.457642,624.530945,624.604187,624.677490,624.750732,624.823975,624.897278,624.970520,625.043823,625.117065,625.190308,625.263611,625.336853,625.410095,625.483337,625.556641,625.629883,625.703125,625.776367,625.849670,625.922913,625.996155,626.069397,626.142639,626.215881,626.289124,626.362366,626.435608,626.508850,626.582092,626.655334,626.728577,626.801819,626.875061,626.948303,627.021545,627.094788,627.168030,627.241211,627.314453,627.387695,627.460938,627.534180,627.607361,627.680603,627.753845,627.827026,627.900269,627.973511,628.046692,628.119934,628.193176,628.266357,628.339600,628.412781,628.486023,628.559204,628.632446,628.705627,628.778870,628.852051,628.925232,628.998474,629.071655,629.144897,629.218079,629.291260,629.364502,629.437683,629.510864,629.584045,629.657288,629.730469,629.803650,629.876831,629.950012,630.023193,630.096375,630.169617,630.242798,630.315979,630.389160,630.462341,630.535522,630.608704,630.681885,630.755066,630.828247,630.901367,630.974548,631.047729,631.120911,631.194092,631.267273,631.340393,631.413574,631.486755,631.559937,631.633057,631.706238,631.779419,631.852539,631.925720,631.998901,632.072021,632.145203,632.218323,632.291504,632.364685,632.437805,632.510986,632.584106,632.657227,632.730408,632.803528,632.876709,632.949829,633.022949,633.096130,633.169250,633.242371,633.315552,633.388672,633.461792,633.534912,633.608093,633.681213,633.754333,633.827454,633.900574,633.973694,634.046814,634.119934,634.193115,634.266235,634.339355,634.412476,634.485596,634.558655,634.631775,634.704895,634.778015,634.851135,634.924255,634.997375,635.070496,635.143555,635.216675,635.289795,635.362915,635.435974,635.509094,635.582214,635.655273,635.728394,635.801514,635.874573,635.947693,636.020813,636.093872,636.166992,636.240051,636.313171,636.386230,636.459351,636.532410,636.605469,636.678589,636.751648,636.824768,636.897827,636.970886,637.043945,637.117065,637.190125,637.263184,637.336243,637.409363,637.482422,637.555481,637.628540,637.701599,637.774658,637.847717,637.920776,637.993896,638.066956,638.140015,638.213074,638.286072,638.359131,638.432190,638.505249,638.578308,638.651367,638.724426,638.797485,638.870483,638.943542,639.016602,639.089661,639.162659,639.235718,639.308777,639.381836,639.454834,639.527893,639.600891,639.673950,639.747009,639.820007,639.893066,639.966064,640.039124,640.112122,640.185181,640.258179,640.331177,640.404236,640.477234,640.550293,640.623291,640.696289,640.769287,640.842346,640.915344,640.988342,641.061340,641.134399,641.207397,641.280396,641.353394,641.426392,641.499390,641.572388,641.645386,641.718384,641.791382,641.864380,641.937378,642.010376,642.083374,642.156372,642.229370,642.302368,642.375366,642.448364,642.521301,642.594299,642.667297,642.740295,642.813232,642.886230,642.959229,643.032166,643.105164,643.178162,643.251099,643.324097,643.397095,643.470032,643.543030,643.615967,643.688965,643.761902,643.834839,643.907837,643.980774,644.053772,644.126709,644.199646,644.272644,644.345581,644.418518,644.491516,644.564453,644.637390,644.710327,644.783264,644.856262,644.929199,645.002136,645.075073,645.148010,645.220947,645.293884,645.366821,645.439758,645.512695,645.585632,645.658569,645.731506,645.804443,645.877380,645.950256,646.023193,646.096130,646.169067,646.242004,646.314880,646.387817,646.460754,646.533630,646.606567,646.679504,646.752380,646.825317,646.898254,646.971130,647.044067,647.116943,647.189880,647.262756,647.335693,647.408569,647.481506,647.554382,647.627258,647.700195,647.773071,647.845947,647.918884,647.991760,648.064636,648.137512,648.210449,648.283325,648.356201,648.429077,648.501953,648.574829,648.647705,648.720581,648.793457,648.866333,648.939209,649.012085,649.084961,649.157837,649.230713,649.303589,649.376465,649.449341,649.522217,649.595032,649.667908,649.740784,649.813660,649.886536,649.959351,650.032227,650.105103,650.177917,650.250793,650.323608,650.396484,650.469360,650.542175,650.615051,650.687866,650.760742,650.833557,650.906372,650.979248,651.052063,651.124939,651.197754,651.270569,651.343445,651.416260,651.489075,651.561890,651.634766,651.707581,651.780396,651.853210,651.926025,651.998840,652.071655,652.144531,652.217346,652.290161,652.362976,652.435791,652.508606,652.581360,652.654175,652.726990,652.799805,652.872620,652.945435,653.018250,653.091003,653.163818,653.236633,653.309448,653.382202,653.455017,653.527832,653.600586,653.673401,653.746216,653.818970,653.891785,653.964539,654.037354,654.110107,654.182922,654.255676,654.328491,654.401245,654.473999,654.546814,654.619568,654.692322,654.765137,654.837891,654.910645,654.983398,655.056213,655.128967,655.201721,655.274475,655.347229,655.419983,655.492737,655.565552,655.638306,655.711060,655.783813,655.856567,655.929260,656.002014,656.074768,656.147522,656.220276,656.293030,656.365784,656.438538,656.511230,656.583984,656.656738,656.729431,656.802185,656.874939,656.947632,657.020386,657.093140,657.165833,657.238586,657.311279,657.384033,657.456726,657.529480,657.602173,657.674927,657.747620,657.820313,657.893066,657.965759,658.038452,658.111206,658.183899,658.256592,658.329285,658.402039,658.474731,658.547424,658.620117,658.692810,658.765503,658.838196,658.910889,658.983582,659.056274,659.128967,659.201660,659.274353,659.347046,659.419739,659.492432,659.565125,659.637817,659.710510,659.783142,659.855835,659.928528,660.001221,660.073853,660.146545,660.219238,660.291870,660.364563,660.437195,660.509888,660.582520,660.655212,660.727844,660.800537,660.873169,660.945862,661.018494,661.091187,661.163818,661.236450,661.309143,661.381775,661.454407,661.527039,661.599731,661.672363,661.744995,661.817627,661.890259,661.962891,662.035522,662.108154,662.180847,662.253479,662.326111,662.398743,662.471313,662.543945,662.616577,662.689209,662.761841,662.834473,662.907104,662.979736,663.052307,663.124939,663.197571,663.270142,663.342773,663.415405,663.487976,663.560608,663.633240,663.705811,663.778442,663.851013,663.923645,663.996216,664.068848,664.141418,664.214050,664.286621,664.359192,664.431824,664.504395,664.576965,664.649536,664.722168,664.794739,664.867310,664.939880,665.012451,665.085083,665.157654,665.230225,665.302795,665.375366,665.447937,665.520508,665.593079,665.665649,665.738220,665.810791,665.883362,665.955872,666.028442,666.101013,666.173584,666.246155,666.318665,666.391235,666.463806,666.536316,666.608887,666.681458,666.753967,666.826538,666.899109,666.971619,667.044189,667.116699,667.189270,667.261780,667.334290,667.406860,667.479370,667.551880,667.624451,667.696960,667.769470,667.842041,667.914551,667.987061,668.059570,668.132080,668.204651,668.277161,668.349670,668.422180,668.494690,668.567200,668.639709,668.712219,668.784729,668.857239,668.929749,669.002258,669.074707,669.147217,669.219727,669.292236,669.364746,669.437195,669.509705,669.582214,669.654724,669.727173,669.799683,669.872131,669.944641,670.017151,670.089600,670.162109,670.234558,670.307068,670.379517,670.451965,670.524475,670.596924,670.669434,670.741882,670.814331,670.886780,670.959290,671.031738,671.104187,671.176636,671.249084,671.321594,671.394043,671.466492,671.538940,671.611389,671.683838,671.756287,671.828735,671.901184,671.973633,672.046082,672.118469,672.190918,672.263367,672.335815,672.408264,672.480652,672.553101,672.625549,672.697998,672.770386,672.842834,672.915283,672.987671
pdY = 513.000000,512.000000,516.000000,511.000000,514.000000,511.000000,512.000000,513.000000,515.000000,515.000000,515.000000,513.000000,515.000000,514.000000,510.000000,513.000000,516.000000,514.000000,517.000000,512.000000,515.000000,515.000000,512.000000,514.000000,513.000000,513.000000,513.000000,519.000000,518.000000,514.000000,516.000000,518.000000,514.000000,520.000000,516.000000,515.000000,517.000000,519.000000,518.000000,514.000000,517.000000,517.000000,524.000000,520.000000,519.000000,522.000000,523.000000,523.000000,520.000000,521.000000,523.000000,523.000000,524.000000,522.000000,521.000000,520.000000,522.000000,523.000000,523.000000,523.000000,522.000000,522.000000,525.000000,524.000000,522.000000,528.000000,528.000000,530.000000,528.000000,524.000000,523.000000,527.000000,525.000000,529.000000,527.000000,526.000000,528.000000,529.000000,532.000000,530.000000,531.000000,529.000000,529.000000,533.000000,530.000000,537.000000,533.000000,538.000000,533.000000,536.000000,534.000000,535.000000,544.000000,542.000000,536.000000,541.000000,540.000000,541.000000,546.000000,542.000000,546.000000,549.000000,559.000000,564.000000,576.000000,591.000000,607.000000,637.000000,677.000000,720.000000,803.000000,858.000000,972.000000,1058.000000,1141.000000,1236.000000,1304.000000,1383.000000,1440.000000,1466.000000,1494.000000,1485.000000,1508.000000,1509.000000,1544.000000,1529.000000,1510.000000,1503.000000,1507.000000,1525.000000,1526.000000,1567.000000,1541.000000,1519.000000,1547.000000,1544.000000,1538.000000,1584.000000,1565.000000,1571.000000,1557.000000,1562.000000,1568.000000,1570.000000,1568.000000,1536.000000,1569.000000,1576.000000,1525.000000,1534.000000,1535.000000,1535.000000,1536.000000,1518.000000,1530.000000,1518.000000,1522.000000,1507.000000,1512.000000,1530.000000,1501.000000,1514.000000,1505.000000,1488.000000,1527.000000,1526.000000,1540.000000,1555.000000,1556.000000,1553.000000,1547.000000,1550.000000,1559.000000,1552.000000,1546.000000,1566.000000,1537.000000,1552.000000,1551.000000,1540.000000,1542.000000,1542.000000,1558.000000,1537.000000,1548.000000,1545.000000,1568.000000,1537.000000,1530.000000,1536.000000,1526.000000,1532.000000,1482.000000,1521.000000,1543.000000,1496.000000,1505.000000,1522.000000,1532.000000,1539.000000,1532.000000,1520.000000,1496.000000,1473.000000,1530.000000,1504.000000,1481.000000,1473.000000,1483.000000,1501.000000,1499.000000,1507.000000,1512.000000,1506.000000,1497.000000,1530.000000,1494.000000,1506.000000,1513.000000,1526.000000,1526.000000,1534.000000,1543.000000,1548.000000,1522.000000,1547.000000,1572.000000,1519.000000,1555.000000,1555.000000,1544.000000,1539.000000,1550.000000,1526.000000,1503.000000,1544.000000,1523.000000,1530.000000,1550.000000,1540.000000,1536.000000,1526.000000,1510.000000,1540.000000,1528.000000,1524.000000,1502.000000,1557.000000,1545.000000,1565.000000,1534.000000,1574.000000,1566.000000,1585.000000,1582.000000,1573.000000,1578.000000,1577.000000,1578.000000,1529.000000,1525.000000,1536.000000,1533.000000,1536.000000,1526.000000,1564.000000,1538.000000,1534.000000,1574.000000,1556.000000,1569.000000,1552.000000,1552.000000,1567.000000,1559.000000,1555.000000,1564.000000,1552.000000,1542.000000,1570.000000,1564.000000,1568.000000,1584.000000,1568.000000,1574.000000,1552.000000,1552.000000,1553.000000,1572.000000,1571.000000,1605.000000,1662.000000,1767.000000,1944.000000,2271.000000,2274.000000,1941.000000,1690.000000,1633.000000,1574.000000,1580.000000,1531.000000,1548.000000,1547.000000,1551.000000,1507.000000,1533.000000,1523.000000,1520.000000,1536.000000,1557.000000,1521.000000,1563.000000,1578.000000,1562.000000,1569.000000,1577.000000,1557.000000,1563.000000,1563.000000,1552.000000,1569.000000,1564.000000,1569.000000,1577.000000,1559.000000,1567.000000,1559.000000,1561.000000,1571.000000,1564.000000,1579.000000,1569.000000,1547.000000,1578.000000,1565.000000,1588.000000,1558.000000,1564.000000,1600.000000,1575.000000,1544.000000,1560.000000,1581.000000,1569.000000,1573.000000,1567.000000,1568.000000,1556.000000,1560.000000,1555.000000,1544.000000,1553.000000,1576.000000,1535.000000,1573.000000,1555.000000,1568.000000,1559.000000,1583.000000,1600.000000,1564.000000,1594.000000,1561.000000,1562.000000,1613.000000,1590.000000,1589.000000,1573.000000,1570.000000,1556.000000,1547.000000,1572.000000,1567.000000,1550.000000,1542.000000,1551.000000,1574.000000,1547.000000,1584.000000,1564.000000,1579.000000,1562.000000,1594.000000,1574.000000,1571.000000,1569.000000,1579.000000,1573.000000,1564.000000,1585.000000,1569.000000,1584.000000,1585.000000,1557.000000,1554.000000,1571.000000,1593.000000,1569.000000,1587.000000,1585.000000,1609.000000,1587.000000,1571.000000,1582.000000,1601.000000,1596.000000,1597.000000,1579.000000,1589.000000,1601.000000,1576.000000,1583.000000,1582.000000,1562.000000,1566.000000,1563.000000,1549.000000,1575.000000,1573.000000,1552.000000,1550.000000,1572.000000,1541.000000,1535.000000,1558.000000,1556.000000,1528.000000,1569.000000,1549.000000,1561.000000,1550.000000,1545.000000,1544.000000,1545.000000,1546.000000,1544.000000,1562.000000,1550.000000,1535.000000,1553.000000,1554.000000,1557.000000,1548.000000,1574.000000,1556.000000,1539.000000,1554.000000,1551.000000,1520.000000,1534.000000,1534.000000,1517.000000,1520.000000,1513.000000,1514.000000,1516.000000,1517.000000,1549.000000,1502.000000,1557.000000,1539.000000,1538.000000,1562.000000,1557.000000,1554.000000,1545.000000,1531.000000,1551.000000,1562.000000,1546.000000,1547.000000,1545.000000,1547.000000,1558.000000,1553.000000,1567.000000,1579.000000,1583.000000,1576.000000,1584.000000,1592.000000,1611.000000,1613.000000,1601.000000,1580.000000,1581.000000,1566.000000,1564.000000,1566.000000,1541.000000,1568.000000,1552.000000,1544.000000,1555.000000,1528.000000,1552.000000,1553.000000,1567.000000,1553.000000,1570.000000,1564.000000,1555.000000,1543.000000,1590.000000,1556.000000,1577.000000,1591.000000,1565.000000,1594.000000,1585.000000,1553.000000,1571.000000,1574.000000,1568.000000,1553.000000,1556.000000,1564.000000,1579.000000,1550.000000,1520.000000,1532.000000,1548.000000,1557.000000,1544.000000,1547.000000,1565.000000,1546.000000,1550.000000,1535.000000,1551.000000,1573.000000,1573.000000,1538.000000,1586.000000,1568.000000,1576.000000,1557.000000,1550.000000,1576.000000,1537.000000,1540.000000,1522.000000,1562.000000,1530.000000,1541.000000,1551.000000,1547.000000,1502.000000,1555.000000,1554.000000,1496.000000,1509.000000,1521.000000,1555.000000,1527.000000,1544.000000,1577.000000,1533.000000,1559.000000,1548.000000,1570.000000,1553.000000,1566.000000,1571.000000,1561.000000,1547.000000,1584.000000,1550.000000,1573.000000,1552.000000,1583.000000,1581.000000,1567.000000,1564.000000,1570.000000,1582.000000,1552.000000,1545.000000,1574.000000,1551.000000,1549.000000,1551.000000,1549.000000,1535.000000,1544.000000,1522.000000,1512.000000,1512.000000,1510.000000,1523.000000,1527.000000,1539.000000,1540.000000,1524.000000,1505.000000,1535.000000,1580.000000,1516.000000,1545.000000,1540.000000,1540.000000,1560.000000,1532.000000,1532.000000,1545.000000,1526.000000,1515.000000,1520.000000,1500.000000,1503.000000,1537.000000,1528.000000,1521.000000,1511.000000,1495.000000,1496.000000,1500.000000,1516.000000,1482.000000,1495.000000,1516.000000,1505.000000,1495.000000,1493.000000,1521.000000,1525.000000,1536.000000,1536.000000,1561.000000,1544.000000,1565.000000,1570.000000,1541.000000,1556.000000,1548.000000,1542.000000,1562.000000,1569.000000,1580.000000,1571.000000,1578.000000,1563.000000,1579.000000,1584.000000,1548.000000,1570.000000,1569.000000,1569.000000,1550.000000,1560.000000,1564.000000,1536.000000,1568.000000,1561.000000,1575.000000,1563.000000,1561.000000,1580.000000,1541.000000,1547.000000,1556.000000,1548.000000,1557.000000,1545.000000,1543.000000,1545.000000,1540.000000,1542.000000,1550.000000,1547.000000,1521.000000,1553.000000,1531.000000,1532.000000,1546.000000,1509.000000,1545.000000,1526.000000,1537.000000,1541.000000,1545.000000,1553.000000,1536.000000,1526.000000,1526.000000,1541.000000,1529.000000,1531.000000,1564.000000,1537.000000,1549.000000,1510.000000,1533.000000,1542.000000,1553.000000,1551.000000,1544.000000,1578.000000,1558.000000,1543.000000,1558.000000,1554.000000,1535.000000,1552.000000,1533.000000,1554.000000,1536.000000,1549.000000,1548.000000,1538.000000,1528.000000,1504.000000,1536.000000,1516.000000,1549.000000,1515.000000,1515.000000,1497.000000,1509.000000,1528.000000,1524.000000,1533.000000,1526.000000,1537.000000,1556.000000,1544.000000,1550.000000,1551.000000,1548.000000,1548.000000,1553.000000,1536.000000,1567.000000,1551.000000,1542.000000,1536.000000,1572.000000,1578.000000,1578.000000,1565.000000,1582.000000,1577.000000,1569.000000,1575.000000,1582.000000,1548.000000,1557.000000,1564.000000,1563.000000,1568.000000,1567.000000,1566.000000,1566.000000,1566.000000,1554.000000,1568.000000,1561.000000,1552.000000,1579.000000,1587.000000,1585.000000,1581.000000,1580.000000,1548.000000,1586.000000,1577.000000,1593.000000,1595.000000,1565.000000,1607.000000,1590.000000,1622.000000,1587.000000,1584.000000,1591.000000,1591.000000,1605.000000,1571.000000,1589.000000,1595.000000,1589.000000,1610.000000,1615.000000,1602.000000,1602.000000,1609.000000,1594.000000,1603.000000,1604.000000,1581.000000,1595.000000,1612.000000,1573.000000,1590.000000,1599.000000,1595.000000,1560.000000,1574.000000,1591.000000,1604.000000,1599.000000,1584.000000,1577.000000,1591.000000,1590.000000,1555.000000,1553.000000,1580.000000,1565.000000,1581.000000,1553.000000,1557.000000,1594.000000,1564.000000,1547.000000,1557.000000,1552.000000,1556.000000,1533.000000,1563.000000,1548.000000,1535.000000,1553.000000,1543.000000,1538.000000,1548.000000,1565.000000,1558.000000,1542.000000,1566.000000,1558.000000,1572.000000,1589.000000,1583.000000,1603.000000,1567.000000,1557.000000,1596.000000,1578.000000,1578.000000,1583.000000,1555.000000,1562.000000,1563.000000,1547.000000,1552.000000,1558.000000,1544.000000,1554.000000,1532.000000,1508.000000,1523.000000,1517.000000,1489.000000,1521.000000,1496.000000,1483.000000,1450.000000,1458.000000,1448.000000,1444.000000,1406.000000,1397.000000,1382.000000,1382.000000,1385.000000,1369.000000,1367.000000,1387.000000,1375.000000,1392.000000,1393.000000,1410.000000,1442.000000,1401.000000,1427.000000,1414.000000,1455.000000,1460.000000,1443.000000,1477.000000,1485.000000,1507.000000,1520.000000,1489.000000,1495.000000,1506.000000,1528.000000,1484.000000,1510.000000,1502.000000,1493.000000,1517.000000,1513.000000,1485.000000,1502.000000,1523.000000,1507.000000,1493.000000,1497.000000,1501.000000,1489.000000,1510.000000,1480.000000,1500.000000,1499.000000,1502.000000,1502.000000,1492.000000,1490.000000,1494.000000,1526.000000,1507.000000,1514.000000,1524.000000,1529.000000,1524.000000,1512.000000,1501.000000,1533.000000,1511.000000,1486.000000,1511.000000,1515.000000,1514.000000,1524.000000,1523.000000,1528.000000,1538.000000,1542.000000,1529.000000,1529.000000,1506.000000,1494.000000,1487.000000,1515.000000,1470.000000,1495.000000,1455.000000,1506.000000,1474.000000,1450.000000,1482.000000,1485.000000,1480.000000,1477.000000,1501.000000,1504.000000,1497.000000,1541.000000,1526.000000,1524.000000,1525.000000,1506.000000,1546.000000,1546.000000,1523.000000,1509.000000,1537.000000,1524.000000,1529.000000,1533.000000,1557.000000,1547.000000,1556.000000,1532.000000,1540.000000,1552.000000,1556.000000,1531.000000,1547.000000,1564.000000,1527.000000,1505.000000,1544.000000,1523.000000,1537.000000,1550.000000,1560.000000,1539.000000,1522.000000,1541.000000,1530.000000,1495.000000,1495.000000,1518.000000,1514.000000,1517.000000,1522.000000,1526.000000,1512.000000,1522.000000,1511.000000,1546.000000,1541.000000,1530.000000,1507.000000,1537.000000,1543.000000,1531.000000,1549.000000,1559.000000,1535.000000,1529.000000,1536.000000,1570.000000,1551.000000,1575.000000,1577.000000,1542.000000,1525.000000,1566.000000,1549.000000,1548.000000,1533.000000,1555.000000,1568.000000,1558.000000,1558.000000,1557.000000,1532.000000,1549.000000,1562.000000,1548.000000,1523.000000,1552.000000,1529.000000,1521.000000,1536.000000,1540.000000,1530.000000,1539.000000,1536.000000,1521.000000,1530.000000,1537.000000,1529.000000,1545.000000,1533.000000,1517.000000,1546.000000,1499.000000,1540.000000,1523.000000,1513.000000,1549.000000,1541.000000,1536.000000,1528.000000,1553.000000,1549.000000,1560.000000,1553.000000,1578.000000,1567.000000,1564.000000,1575.000000,1590.000000,1568.000000,1570.000000,1584.000000,1569.000000,1578.000000,1581.000000,1569.000000,1565.000000,1563.000000,1564.000000,1592.000000,1559.000000,1567.000000,1562.000000,1581.000000,1563.000000,1585.000000,1568.000000,1583.000000,1596.000000,1576.000000,1584.000000,1568.000000,1561.000000,1593.000000,1588.000000,1587.000000,1569.000000,1555.000000,1552.000000,1560.000000,1534.000000,1579.000000,1581.000000,1577.000000,1548.000000,1561.000000,1571.000000,1560.000000,1588.000000,1584.000000,1607.000000,1576.000000,1582.000000,1575.000000,1562.000000,1549.000000,1545.000000,1561.000000,1559.000000,1557.000000,1557.000000,1597.000000,1572.000000,1602.000000,1574.000000,1578.000000,1588.000000,1555.000000,1571.000000,1578.000000,1610.000000,1567.000000,1556.000000,1575.000000,1553.000000,1564.000000,1558.000000,1560.000000,1547.000000,1574.000000,1565.000000,1576.000000,1534.000000,1542.000000,1562.000000,1580.000000,1575.000000,1547.000000,1585.000000,1576.000000,1574.000000,1554.000000,1572.000000,1551.000000,1532.000000,1572.000000,1544.000000,1568.000000,1572.000000,1582.000000,1554.000000,1553.000000,1540.000000,1534.000000,1552.000000,1570.000000,1569.000000,1536.000000,1549.000000,1530.000000,1537.000000,1564.000000,1581.000000,1561.000000,1541.000000,1552.000000,1578.000000,1563.000000,1548.000000,1570.000000,1578.000000,1549.000000,1582.000000,1564.000000,1537.000000,1585.000000,1537.000000,1562.000000,1542.000000,1557.000000,1532.000000,1549.000000,1555.000000,1519.000000,1553.000000,1544.000000,1547.000000,1530.000000,1531.000000,1536.000000,1528.000000,1551.000000,1546.000000,1534.000000,1542.000000,1525.000000,1546.000000,1551.000000,1548.000000,1533.000000,1527.000000,1515.000000,1539.000000,1540.000000,1540.000000,1522.000000,1536.000000,1542.000000,1522.000000,1530.000000,1562.000000,1555.000000,1565.000000,1571.000000,1563.000000,1566.000000,1540.000000,1560.000000,1579.000000,1550.000000,1569.000000,1568.000000,1551.000000,1577.000000,1569.000000,1542.000000,1541.000000,1542.000000,1551.000000,1541.000000,1525.000000,1527.000000,1541.000000,1511.000000,1530.000000,1509.000000,1503.000000,1488.000000,1497.000000,1511.000000,1503.000000,1507.000000,1503.000000,1509.000000,1511.000000,1537.000000,1515.000000,1550.000000,1538.000000,1527.000000,1532.000000,1534.000000,1553.000000,1548.000000,1547.000000,1542.000000,1555.000000,1571.000000,1538.000000,1594.000000,1559.000000,1565.000000,1568.000000,1555.000000,1554.000000,1565.000000,1581.000000,1531.000000,1574.000000,1544.000000,1565.000000,1581.000000,1554.000000,1538.000000,1566.000000,1544.000000,1545.000000,1540.000000,1544.000000,1546.000000,1556.000000,1567.000000,1518.000000,1574.000000,1555.000000,1578.000000,1562.000000,1577.000000,1566.000000,1585.000000,1556.000000,1561.000000,1560.000000,1588.000000,1560.000000,1564.000000,1577.000000,1583.000000,1582.000000,1544.000000,1560.000000,1562.000000,1547.000000,1563.000000,1579.000000,1566.000000,1552.000000,1547.000000,1545.000000,1542.000000,1541.000000,1530.000000,1540.000000,1564.000000,1563.000000,1538.000000,1535.000000,1559.000000,1541.000000,1549.000000,1565.000000,1561.000000,1547.000000,1588.000000,1547.000000,1516.000000,1508.000000,1528.000000,1544.000000,1544.000000,1543.000000,1545.000000,1529.000000,1518.000000,1561.000000,1524.000000,1558.000000,1535.000000,1523.000000,1537.000000,1540.000000,1536.000000,1530.000000,1545.000000,1536.000000,1538.000000,1528.000000,1539.000000,1539.000000,1502.000000,1515.000000,1527.000000,1502.000000,1540.000000,1501.000000,1500.000000,1512.000000,1517.000000,1532.000000,1525.000000,1518.000000,1502.000000,1500.000000,1510.000000,1500.000000,1508.000000,1497.000000,1508.000000,1502.000000,1545.000000,1515.000000,1512.000000,1506.000000,1516.000000,1526.000000,1523.000000,1530.000000,1523.000000,1517.000000,1557.000000,1526.000000,1517.000000,1550.000000,1517.000000,1523.000000,1529.000000,1491.000000,1520.000000,1517.000000,1490.000000,1499.000000,1496.000000,1481.000000,1491.000000,1474.000000,1485.000000,1483.000000,1442.000000,1466.000000,1464.000000,1457.000000,1458.000000,1442.000000,1459.000000,1475.000000,1496.000000,1498.000000,1493.000000,1498.000000,1497.000000,1496.000000,1482.000000,1503.000000,1489.000000,1512.000000,1504.000000,1491.000000,1494.000000,1482.000000,1506.000000,1463.000000,1484.000000,1477.000000,1467.000000,1466.000000,1487.000000,1478.000000,1484.000000,1470.000000,1502.000000,1509.000000,1478.000000,1528.000000,1489.000000,1490.000000,1513.000000,1519.000000,1484.000000,1521.000000,1522.000000,1484.000000,1509.000000,1504.000000,1485.000000,1476.000000,1502.000000,1499.000000,1487.000000,1488.000000,1486.000000,1500.000000,1486.000000,1481.000000,1481.000000,1478.000000,1492.000000,1510.000000,1512.000000,1513.000000,1512.000000,1516.000000,1529.000000,1540.000000,1539.000000,1510.000000,1507.000000,1523.000000,1542.000000,1541.000000,1519.000000,1514.000000,1512.000000,1506.000000,1502.000000,1549.000000,1508.000000,1486.000000,1508.000000,1504.000000,1505.000000,1520.000000,1528.000000,1506.000000,1494.000000,1522.000000,1521.000000,1505.000000,1508.000000,1535.000000,1514.000000,1517.000000,1538.000000,1517.000000,1537.000000,1543.000000,1505.000000,1518.000000,1496.000000,1538.000000,1518.000000,1532.000000,1525.000000,1545.000000,1511.000000,1534.000000,1515.000000,1514.000000,1508.000000,1508.000000,1511.000000,1543.000000,1533.000000,1523.000000,1516.000000,1494.000000,1516.000000,1529.000000,1522.000000,1513.000000,1546.000000,1534.000000,1514.000000,1542.000000,1542.000000,1561.000000,1529.000000,1540.000000,1538.000000,1546.000000,1548.000000,1579.000000,1546.000000,1525.000000,1545.000000,1545.000000,1528.000000,1554.000000,1553.000000,1546.000000,1543.000000,1537.000000,1534.000000,1551.000000,1547.000000,1566.000000,1550.000000,1550.000000,1539.000000,1539.000000,1535.000000,1571.000000,1542.000000,1542.000000,1539.000000,1532.000000,1532.000000,1522.000000,1535.000000,1524.000000,1533.000000,1524.000000,1540.000000,1527.000000,1528.000000,1519.000000,1513.000000,1490.000000,1502.000000,1505.000000,1504.000000,1523.000000,1526.000000,1512.000000,1518.000000,1510.000000,1529.000000,1528.000000,1499.000000,1503.000000,1526.000000,1509.000000,1497.000000,1509.000000,1493.000000,1504.000000,1519.000000,1542.000000,1517.000000,1507.000000,1508.000000,1530.000000,1539.000000,1496.000000,1515.000000,1520.000000,1512.000000,1541.000000,1522.000000,1518.000000,1551.000000,1530.000000,1562.000000,1499.000000,1519.000000,1544.000000,1527.000000,1539.000000,1508.000000,1511.000000,1517.000000,1512.000000,1515.000000,1518.000000,1527.000000,1527.000000,1502.000000,1502.000000,1535.000000,1510.000000,1543.000000,1522.000000,1533.000000,1528.000000,1522.000000,1527.000000,1526.000000,1528.000000,1514.000000,1502.000000,1490.000000,1520.000000,1512.000000,1508.000000,1505.000000,1513.000000,1511.000000,1503.000000,1500.000000,1514.000000,1491.000000,1505.000000,1501.000000,1481.000000,1492.000000,1474.000000,1489.000000,1474.000000,1492.000000,1484.000000,1483.000000,1466.000000,1489.000000,1492.000000,1485.000000,1509.000000,1505.000000,1464.000000,1482.000000,1467.000000,1453.000000,1485.000000,1444.000000,1452.000000,1455.000000,1422.000000,1432.000000,1464.000000,1468.000000,1470.000000,1471.000000,1454.000000,1460.000000,1469.000000,1438.000000,1460.000000,1457.000000,1453.000000,1473.000000,1474.000000,1457.000000,1471.000000,1476.000000,1459.000000,1455.000000,1461.000000,1439.000000,1464.000000,1443.000000,1453.000000,1445.000000,1425.000000,1459.000000,1459.000000,1413.000000,1450.000000,1414.000000,1451.000000,1420.000000,1455.000000,1453.000000,1467.000000,1474.000000,1468.000000,1469.000000,1460.000000,1463.000000,1475.000000,1490.000000,1510.000000,1521.000000,1491.000000,1512.000000,1494.000000,1497.000000,1481.000000,1502.000000,1479.000000,1481.000000,1474.000000,1481.000000,1489.000000,1484.000000,1455.000000,1465.000000,1451.000000,1438.000000,1426.000000,1436.000000,1439.000000,1443.000000,1471.000000,1456.000000,1470.000000,1484.000000,1475.000000,1486.000000,1503.000000,1506.000000,1501.000000,1479.000000,1470.000000,1525.000000,1491.000000,1492.000000,1499.000000,1500.000000,1493.000000,1508.000000,1510.000000,1496.000000,1525.000000,1491.000000,1492.000000,1482.000000,1493.000000,1496.000000,1502.000000,1470.000000,1499.000000,1473.000000,1478.000000,1476.000000,1500.000000,1473.000000,1434.000000,1432.000000,1456.000000,1448.000000,1439.000000,1446.000000,1437.000000,1456.000000,1441.000000,1429.000000,1415.000000,1402.000000,1395.000000,1390.000000,1396.000000,1380.000000,1385.000000,1349.000000,1369.000000,1345.000000,1348.000000,1326.000000,1311.000000,1302.000000,1292.000000,1295.000000,1302.000000,1292.000000,1290.000000,1336.000000,1336.000000,1334.000000,1361.000000,1363.000000,1380.000000,1415.000000,1449.000000,1408.000000,1411.000000,1424.000000,1431.000000,1432.000000,1476.000000,1441.000000,1437.000000,1435.000000,1450.000000,1491.000000,1461.000000,1469.000000,1468.000000,1447.000000,1457.000000,1444.000000,1464.000000,1489.000000,1446.000000,1440.000000,1459.000000,1432.000000,1422.000000,1448.000000,1443.000000,1437.000000,1458.000000,1421.000000,1441.000000,1470.000000,1456.000000,1462.000000,1442.000000,1449.000000,1438.000000,1455.000000,1446.000000,1446.000000,1456.000000,1444.000000,1458.000000,1448.000000,1459.000000,1450.000000,1442.000000,1452.000000,1430.000000,1445.000000,1444.000000,1429.000000,1437.000000,1441.000000,1448.000000,1460.000000,1435.000000,1443.000000,1442.000000,1435.000000,1449.000000,1435.000000,1438.000000,1430.000000,1438.000000,1440.000000,1457.000000,1439.000000,1440.000000,1432.000000,1427.000000,1447.000000,1457.000000,1441.000000,1436.000000,1452.000000,1401.000000,1433.000000,1423.000000,1423.000000,1414.000000,1436.000000,1432.000000,1406.000000,1406.000000,1425.000000,1396.000000,1380.000000,1411.000000,1426.000000,1428.000000,1406.000000,1379.000000,1373.000000,1413.000000,1428.000000,1401.000000,1401.000000,1408.000000,1378.000000,1418.000000,1411.000000,1402.000000,1407.000000,1409.000000,1390.000000,1390.000000,1417.000000,1405.000000,1390.000000,1419.000000,1395.000000,1402.000000,1422.000000,1410.000000,1400.000000,1380.000000,1379.000000,1396.000000,1391.000000,1384.000000,1401.000000,1368.000000,1389.000000,1389.000000,1398.000000,1380.000000,1383.000000,1397.000000,1378.000000,1383.000000,1369.000000,1374.000000,1358.000000,1361.000000,1382.000000,1382.000000,1363.000000,1373.000000,1386.000000,1377.000000,1390.000000,1376.000000,1368.000000,1376.000000,1365.000000,1365.000000,1370.000000,1364.000000,1372.000000,1364.000000,1351.000000,1365.000000,1358.000000,1375.000000,1349.000000,1380.000000,1340.000000,1361.000000,1384.000000,1383.000000,1359.000000,1335.000000,1356.000000,1374.000000,1368.000000,1350.000000,1351.000000,1346.000000,1346.000000,1326.000000,1356.000000,1333.000000,1354.000000,1315.000000,1334.000000,1339.000000,1360.000000,1305.000000,1341.000000,1358.000000,1343.000000,1320.000000,1328.000000,1315.000000,1324.000000,1312.000000,1312.000000,1319.000000,1305.000000,1308.000000,1289.000000,1332.000000,1316.000000,1302.000000,1304.000000,1314.000000,1304.000000,1300.000000,1314.000000

nFuncNum = 0