strScanMode=
strWave=
powervalue=
pinhole=0
grating=
slit=0
ExpTime=
unit=
strCenterWave=
strStartWave=
strEndWave=
totalnum=1
strInterFlg=
strIntervaltime=
intervalnum=0
haveTitle=0
dataFrom=0
laserWaveLength=532.0
pdX=560.000000,548.000000,552.000000,556.000000,546.000000,550.000000,552.000000,546.000000,560.000000,549.000000,550.000000,552.000000,560.000000,558.000000,546.000000,561.000000,551.000000,553.000000,550.000000,564.000000,568.000000,562.000000,565.000000,559.000000,557.000000,561.000000,571.000000,552.000000,551.000000,536.000000,577.000000,553.000000,562.000000,555.000000,575.000000,572.000000,559.000000,556.000000,555.000000,561.000000,555.000000,566.000000,580.000000,563.000000,569.000000,556.000000,574.000000,566.000000,554.000000,556.000000,572.000000,556.000000,556.000000,551.000000,565.000000,548.000000,560.000000,553.000000,552.000000,542.000000,550.000000,563.000000,544.000000,564.000000,562.000000,562.000000,548.000000,559.000000,555.000000,558.000000,556.000000,560.000000,560.000000,568.000000,554.000000,560.000000,562.000000,563.000000,549.000000,556.000000,560.000000,561.000000,562.000000,586.000000,554.000000,563.000000,561.000000,540.000000,552.000000,554.000000,564.000000,564.000000,553.000000,569.000000,538.000000,554.000000,562.000000,550.000000,556.000000,555.000000,583.000000,551.000000,551.000000,556.000000,552.000000,556.000000,556.000000,553.000000,547.000000,563.000000,554.000000,556.000000,570.000000,558.000000,538.000000,555.000000,552.000000,568.000000,553.000000,551.000000,560.000000,550.000000,541.000000,561.000000,559.000000,534.000000,553.000000,539.000000,551.000000,530.000000,561.000000,542.000000,534.000000,547.000000,548.000000,554.000000,553.000000,551.000000,560.000000,547.000000,550.000000,547.000000,551.000000,544.000000,553.000000,546.000000,528.000000,545.000000,552.000000,540.000000,524.000000,527.000000,552.000000,549.000000,532.000000,553.000000,550.000000,562.000000,547.000000,551.000000,565.000000,549.000000,550.000000,545.000000,558.000000,553.000000,544.000000,554.000000,565.000000,540.000000,558.000000,557.000000,525.000000,540.000000,539.000000,552.000000,533.000000,543.000000,539.000000,545.000000,544.000000,537.000000,543.000000,538.000000,546.000000,537.000000,537.000000,540.000000,566.000000,541.000000,543.000000,532.000000,549.000000,549.000000,534.000000,538.000000,527.000000,526.000000,548.000000,548.000000,533.000000,538.000000,539.000000,532.000000,537.000000,540.000000,540.000000,543.000000,533.000000,535.000000,529.000000,536.000000,541.000000,533.000000,547.000000,527.000000,530.000000,530.000000,549.000000,556.000000,526.000000,526.000000,538.000000,532.000000,524.000000,532.000000,533.000000,543.000000,533.000000,538.000000,552.000000,545.000000,532.000000,537.000000,531.000000,538.000000,529.000000,526.000000,537.000000,530.000000,536.000000,549.000000,533.000000,529.000000,550.000000,532.000000,549.000000,541.000000,531.000000,529.000000,528.000000,540.000000,532.000000,525.000000,525.000000
pdY=556.000000,556.000000,548.000000,560.000000,551.000000,547.000000,559.000000,559.000000,559.000000,564.000000,554.000000,547.000000,553.000000,553.000000,556.000000,562.000000,569.000000,568.000000,548.000000,572.000000,560.000000,549.000000,550.000000,527.000000,562.000000,552.000000,553.000000,569.000000,545.000000,567.000000,550.000000,545.000000,550.000000,557.000000,556.000000,543.000000,567.000000,551.000000,565.000000,561.000000,568.000000,557.000000,545.000000,564.000000,566.000000,556.000000,558.000000,565.000000,558.000000,559.000000,556.000000,552.000000,554.000000,554.000000,552.000000,555.000000,567.000000,564.000000,552.000000,553.000000,555.000000,557.000000,566.000000,550.000000,551.000000,549.000000,556.000000,561.000000,555.000000,568.000000,560.000000,545.000000,549.000000,557.000000,552.000000,542.000000,550.000000,561.000000,547.000000,563.000000,576.000000,566.000000,549.000000,555.000000,560.000000,557.000000,557.000000,558.000000,556.000000,552.000000,548.000000,555.000000,564.000000,560.000000,560.000000,559.000000,568.000000,569.000000,558.000000,547.000000,551.000000,550.000000,559.000000,537.000000,558.000000,565.000000,550.000000,557.000000,547.000000,546.000000,554.000000,560.000000,540.000000,542.000000,552.000000,552.000000,551.000000,548.000000,571.000000,550.000000,553.000000,550.000000,549.000000,558.000000,564.000000,549.000000,556.000000,561.000000,554.000000,546.000000,545.000000,545.000000,550.000000,553.000000,540.000000,541.000000,542.000000,558.000000,552.000000,549.000000,561.000000,543.000000,545.000000,562.000000,549.000000,551.000000,542.000000,543.000000,551.000000,552.000000,566.000000,551.000000,543.000000,544.000000,554.000000,552.000000,548.000000,540.000000,543.000000,542.000000,542.000000,548.000000,557.000000,546.000000,554.000000,546.000000,559.000000,538.000000,533.000000,547.000000,540.000000,539.000000,528.000000,552.000000,545.000000,534.000000,549.000000,538.000000,537.000000,531.000000,545.000000,545.000000,544.000000,535.000000,547.000000,544.000000,552.000000,532.000000,541.000000,545.000000,545.000000,551.000000,536.000000,543.000000,549.000000,543.000000,541.000000,548.000000,528.000000,539.000000,530.000000,536.000000,549.000000,549.000000,542.000000,529.000000,539.000000,542.000000,530.000000,526.000000,543.000000,527.000000,540.000000,537.000000,537.000000,545.000000,528.000000,543.000000,539.000000,525.000000,538.000000,540.000000,546.000000,526.000000,533.000000,529.000000,526.000000,545.000000,527.000000,537.000000,535.000000,536.000000,554.000000,539.000000,533.000000,524.000000,547.000000,523.000000,543.000000,533.000000,538.000000,536.000000,531.000000,527.000000,515.000000,528.000000,528.000000,538.000000,539.000000,516.000000,538.000000,540.000000,541.000000,533.000000,535.000000

