strScanMode=
strWave=
powervalue=
pinhole=0
grating=
slit=0
ExpTime=
unit=
strCenterWave=
strStartWave=
strEndWave=
totalnum=1
strInterFlg=
strIntervaltime=
intervalnum=0
haveTitle=0
dataFrom=0
laserWaveLength=532.0
pdX=575.000000,572.000000,557.000000,573.000000,572.000000,572.000000,586.000000,589.000000,588.000000,569.000000,561.000000,582.000000,570.000000,582.000000,576.000000,572.000000,579.000000,564.000000,570.000000,586.000000,567.000000,582.000000,580.000000,582.000000,596.000000,578.000000,578.000000,584.000000,575.000000,579.000000,570.000000,591.000000,566.000000,583.000000,588.000000,566.000000,601.000000,576.000000,571.000000,578.000000,565.000000,572.000000,596.000000,582.000000,592.000000,575.000000,583.000000,580.000000,607.000000,583.000000,579.000000,580.000000,565.000000,607.000000,575.000000,590.000000,568.000000,589.000000,582.000000,582.000000,585.000000,575.000000,593.000000,597.000000,586.000000,568.000000,574.000000,586.000000,570.000000,570.000000,576.000000,590.000000,576.000000,591.000000,578.000000,603.000000,569.000000,591.000000,580.000000,587.000000,571.000000,588.000000,584.000000,565.000000,578.000000,603.000000,578.000000,589.000000,577.000000,579.000000,585.000000,585.000000,582.000000,575.000000,569.000000,577.000000,571.000000,572.000000,585.000000,590.000000,581.000000,584.000000,564.000000,577.000000,570.000000,566.000000,590.000000,572.000000,568.000000,573.000000,573.000000,570.000000,574.000000,580.000000,586.000000,571.000000,580.000000,590.000000,551.000000,570.000000,575.000000,578.000000,556.000000,559.000000,559.000000,567.000000,565.000000,556.000000,559.000000,570.000000,568.000000,564.000000,574.000000,566.000000,579.000000,582.000000,567.000000,557.000000,562.000000,558.000000,562.000000,577.000000,567.000000,570.000000,567.000000,567.000000,567.000000,572.000000,569.000000,571.000000,572.000000,556.000000,560.000000,568.000000,563.000000,552.000000,549.000000,563.000000,558.000000,576.000000,577.000000,560.000000,564.000000,556.000000,562.000000,570.000000,557.000000,558.000000,557.000000,557.000000,560.000000,555.000000,562.000000,569.000000,567.000000,550.000000,572.000000,549.000000,562.000000,557.000000,567.000000,570.000000,570.000000,554.000000,562.000000,561.000000,543.000000,566.000000,560.000000,541.000000,563.000000,569.000000,536.000000,557.000000,560.000000,556.000000,562.000000,550.000000,540.000000,561.000000,540.000000,557.000000,527.000000,551.000000,560.000000,543.000000,548.000000,549.000000,553.000000,563.000000,551.000000,535.000000,552.000000,560.000000,550.000000,552.000000,543.000000,550.000000,559.000000,540.000000,555.000000,547.000000,544.000000,560.000000,551.000000,559.000000,549.000000,543.000000,562.000000,542.000000,546.000000,557.000000,535.000000,548.000000,541.000000,535.000000,564.000000,552.000000,529.000000,534.000000,558.000000,537.000000,558.000000,551.000000,555.000000,552.000000,542.000000,566.000000,559.000000,538.000000,545.000000,538.000000,538.000000,538.000000,541.000000
pdY=551.000000,573.000000,585.000000,563.000000,565.000000,571.000000,566.000000,575.000000,584.000000,562.000000,587.000000,566.000000,576.000000,584.000000,587.000000,579.000000,563.000000,580.000000,584.000000,580.000000,591.000000,560.000000,563.000000,576.000000,581.000000,573.000000,593.000000,585.000000,582.000000,578.000000,572.000000,599.000000,601.000000,591.000000,590.000000,580.000000,557.000000,572.000000,586.000000,583.000000,580.000000,577.000000,580.000000,573.000000,559.000000,592.000000,569.000000,577.000000,588.000000,570.000000,575.000000,577.000000,582.000000,582.000000,594.000000,568.000000,591.000000,584.000000,601.000000,572.000000,589.000000,611.000000,585.000000,586.000000,581.000000,577.000000,583.000000,564.000000,587.000000,577.000000,589.000000,593.000000,583.000000,585.000000,581.000000,578.000000,600.000000,577.000000,575.000000,576.000000,573.000000,585.000000,583.000000,566.000000,586.000000,576.000000,584.000000,568.000000,559.000000,570.000000,579.000000,597.000000,581.000000,575.000000,575.000000,578.000000,578.000000,574.000000,582.000000,568.000000,570.000000,572.000000,590.000000,572.000000,568.000000,573.000000,588.000000,562.000000,568.000000,586.000000,570.000000,575.000000,576.000000,591.000000,570.000000,570.000000,576.000000,562.000000,566.000000,563.000000,566.000000,566.000000,560.000000,568.000000,571.000000,569.000000,576.000000,556.000000,575.000000,565.000000,573.000000,572.000000,574.000000,582.000000,575.000000,572.000000,541.000000,574.000000,576.000000,568.000000,564.000000,572.000000,584.000000,563.000000,558.000000,565.000000,572.000000,565.000000,576.000000,571.000000,570.000000,549.000000,580.000000,574.000000,573.000000,552.000000,572.000000,571.000000,560.000000,558.000000,557.000000,557.000000,561.000000,564.000000,578.000000,562.000000,573.000000,556.000000,561.000000,560.000000,573.000000,557.000000,564.000000,547.000000,556.000000,555.000000,565.000000,558.000000,556.000000,564.000000,554.000000,557.000000,549.000000,553.000000,561.000000,545.000000,566.000000,541.000000,549.000000,552.000000,550.000000,561.000000,548.000000,538.000000,561.000000,567.000000,545.000000,539.000000,556.000000,566.000000,547.000000,548.000000,560.000000,532.000000,561.000000,541.000000,570.000000,555.000000,551.000000,553.000000,560.000000,562.000000,555.000000,547.000000,546.000000,548.000000,558.000000,556.000000,538.000000,548.000000,551.000000,543.000000,556.000000,546.000000,545.000000,555.000000,548.000000,542.000000,551.000000,549.000000,547.000000,539.000000,555.000000,548.000000,552.000000,555.000000,548.000000,539.000000,545.000000,548.000000,538.000000,546.000000,545.000000,544.000000,570.000000,544.000000,553.000000,554.000000,542.000000,543.000000,532.000000,528.000000,542.000000,550.000000,535.000000

