 = 
strScanMode = 
strWave = 
powervalue = 
pinhole = 0
grating = 
slit = 0
ExpTime = 0
unit = cm-1
strCenterWave = -9981213.60
strStartWave = 
strEndWave = 
totalnum = 0
strInterFlg = 
strIntervaltime = 
intervalnum = 0
haveTitle = true
dataFrom = 0
laserWaveLength = 531.8
pdX = 534.082520,534.157043,534.231506,534.305969,534.380493,534.454956,534.529480,534.603943,534.678467,534.752930,534.827393,534.901917,534.976379,535.050903,535.125366,535.199829,535.274353,535.348816,535.423279,535.497803,535.572266,535.646729,535.721252,535.795715,535.870178,535.944702,536.019165,536.093628,536.168152,536.242615,536.317078,536.391541,536.466064,536.540527,536.614990,536.689453,536.763977,536.838440,536.912903,536.987366,537.061890,537.136353,537.210815,537.285278,537.359741,537.434265,537.508728,537.583191,537.657654,537.732117,537.806580,537.881104,537.955566,538.030029,538.104492,538.178955,538.253418,538.327881,538.402344,538.476807,538.551331,538.625793,538.700256,538.774719,538.849182,538.923645,538.998108,539.072571,539.147034,539.221497,539.295959,539.370422,539.444885,539.519348,539.593811,539.668274,539.742737,539.817200,539.891663,539.966125,540.040588,540.115051,540.189514,540.263977,540.338440,540.412903,540.487366,540.561768,540.636230,540.710693,540.785156,540.859619,540.934082,541.008545,541.083008,541.157410,541.231873,541.306335,541.380798,541.455261,541.529724,541.604126,541.678589,541.753052,541.827515,541.901978,541.976379,542.050842,542.125305,542.199768,542.274231,542.348633,542.423096,542.497559,542.571960,542.646423,542.720886,542.795349,542.869751,542.944214,543.018677,543.093079,543.167542,543.242004,543.316406,543.390869,543.465332,543.539734,543.614197,543.688660,543.763062,543.837524,543.911926,543.986389,544.060852,544.135254,544.209717,544.284119,544.358582,544.432983,544.507446,544.581848,544.656311,544.730713,544.805176,544.879578,544.954041,545.028442,545.102905,545.177307,545.251770,545.326172,545.400635,545.475037,545.549500,545.623901,545.698364,545.772766,545.847168,545.921631,545.996033,546.070496,546.144897,546.219299,546.293762,546.368164,546.442566,546.517029,546.591431,546.665833,546.740295,546.814697,546.889099,546.963562,547.037964,547.112366,547.186829,547.261230,547.335632,547.410034,547.484497,547.558899,547.633301,547.707703,547.782166,547.856567,547.930969,548.005371,548.079773,548.154236,548.228638,548.303040,548.377441,548.451843,548.526245,548.600647,548.675110,548.749512,548.823914,548.898315,548.972717,549.047119,549.121521,549.195923,549.270325,549.344727,549.419128,549.493530,549.567993,549.642395,549.716797,549.791199,549.865601,549.940002,550.014404,550.088806,550.163208,550.237549,550.311951,550.386353,550.460754,550.535156,550.609558,550.683960,550.758362,550.832764,550.907166,550.981567,551.055969,551.130310,551.204712,551.279114,551.353516,551.427917,551.502319,551.576721,551.651062,551.725464,551.799866,551.874268,551.948669,552.023010,552.097412,552.171814,552.246216,552.320557,552.394958,552.469360,552.543701,552.618103,552.692505,552.766907,552.841248,552.915649,552.990051,553.064392,553.138794,553.213196,553.287537,553.361938,553.436279,553.510681,553.585083,553.659424,553.733826,553.808167,553.882568,553.956970,554.031311,554.105713,554.180054,554.254456,554.328796,554.403198,554.477539,554.551941,554.626282,554.700684,554.775024,554.849426,554.923767,554.998169,555.072510,555.146851,555.221252,555.295593,555.369995,555.444336,555.518677,555.593079,555.667419,555.741760,555.816162,555.890503,555.964905,556.039246,556.113586,556.187927,556.262329,556.336670,556.411011,556.485413,556.559753,556.634094,556.708435,556.782837,556.857178,556.931519,557.005859,557.080200,557.154602,557.228943,557.303284,557.377625,557.451965,557.526367,557.600708,557.675049,557.749390,557.823730,557.898071,557.972412,558.046753,558.121094,558.195496,558.269836,558.344177,558.418518,558.492859,558.567200,558.641541,558.715881,558.790222,558.864563,558.938904,559.013245,559.087585,559.161926,559.236267,559.310608,559.384888,559.459229,559.533569,559.607910,559.682251,559.756592,559.830933,559.905273,559.979614,560.053894,560.128235,560.202576,560.276917,560.351257,560.425598,560.499878,560.574219,560.648560,560.722900,560.797180,560.871521,560.945862,561.020203,561.094482,561.168823,561.243164,561.317505,561.391785,561.466125,561.540466,561.614746,561.689087,561.763428,561.837708,561.912048,561.986328,562.060669,562.135010,562.209290,562.283630,562.357910,562.432251,562.506531,562.580872,562.655151,562.729492,562.803772,562.878113,562.952393,563.026733,563.101013,563.175354,563.249634,563.323975,563.398254,563.472595,563.546875,563.621155,563.695496,563.769775,563.844116,563.918396,563.992676,564.067017,564.141296,564.215576,564.289917,564.364197,564.438477,564.512817,564.587097,564.661377,564.735657,564.809998,564.884277,564.958557,565.032837,565.107178,565.181458,565.255737,565.330017,565.404297,565.478638,565.552917,565.627197,565.701477,565.775757,565.850037,565.924316,565.998596,566.072937,566.147217,566.221497,566.295776,566.370056,566.444336,566.518616,566.592896,566.667175,566.741455,566.815735,566.890015,566.964294,567.038574,567.112854,567.187134,567.261414,567.335693,567.409912,567.484192,567.558472,567.632751,567.707031,567.781311,567.855591,567.929871,568.004089,568.078369,568.152649,568.226929,568.301208,568.375427,568.449707,568.523987,568.598267,568.672485,568.746765,568.821045,568.895325,568.969543,569.043823,569.118103,569.192322,569.266602,569.340881,569.415100,569.489380,569.563660,569.637878,569.712158,569.786377,569.860657,569.934875,570.009155,570.083435,570.157654,570.231934,570.306152,570.380432,570.454651,570.528931,570.603149,570.677429,570.751648,570.825928,570.900146,570.974365,571.048645,571.122864,571.197144,571.271362,571.345581,571.419861,571.494080,571.568298,571.642578,571.716797,571.791016,571.865295,571.939514,572.013733,572.088013,572.162231,572.236450,572.310669,572.384888,572.459167,572.533386,572.607605,572.681824,572.756042,572.830322,572.904541,572.978760,573.052979,573.127197,573.201416,573.275635,573.349854,573.424133,573.498352,573.572571,573.646790,573.721008,573.795227,573.869446,573.943665,574.017883,574.092102,574.166321,574.240540,574.314758,574.388977,574.463196,574.537354,574.611572,574.685791,574.760010,574.834229,574.908447,574.982666,575.056885,575.131042,575.205261,575.279480,575.353699,575.427917,575.502075,575.576294,575.650513,575.724731,575.798889,575.873108,575.947327,576.021545,576.095703,576.169922,576.244141,576.318298,576.392517,576.466675,576.540894,576.615112,576.689270,576.763489,576.837708,576.911865,576.986084,577.060242,577.134460,577.208618,577.282837,577.356995,577.431213,577.505371,577.579590,577.653748,577.727966,577.802124,577.876282,577.950500,578.024658,578.098877,578.173035,578.247192,578.321411,578.395569,578.469727,578.543945,578.618103,578.692261,578.766479,578.840637,578.914795,578.988953,579.063171,579.137329,579.211487,579.285645,579.359863,579.434021,579.508179,579.582336,579.656494,579.730652,579.804871,579.879028,579.953186,580.027344,580.101501,580.175659,580.249817,580.323975,580.398132,580.472290,580.546448,580.620605,580.694763,580.768921,580.843079,580.917236,580.991394,581.065552,581.139709,581.213867,581.288025,581.362183,581.436279,581.510437,581.584595,581.658752,581.732910,581.807068,581.881165,581.955322,582.029480,582.103638,582.177795,582.251892,582.326050,582.400208,582.474304,582.548462,582.622620,582.696777,582.770874,582.845032,582.919189,582.993286,583.067444,583.141541,583.215698,583.289856,583.363953,583.438110,583.512207,583.586365,583.660461,583.734619,583.808716,583.882874,583.956970,584.031128,584.105225,584.179382,584.253479,584.327576,584.401733,584.475830,584.549988,584.624084,584.698181,584.772339,584.846436,584.920532,584.994690,585.068787,585.142883,585.217041,585.291138,585.365234,585.439331,585.513428,585.587585,585.661682,585.735779,585.809875,585.883972,585.958130,586.032227,586.106323,586.180420,586.254517,586.328613,586.402710,586.476807,586.550903,586.625000,586.699097,586.773193,586.847290,586.921387,586.995483,587.069580,587.143677,587.217773,587.291870,587.365967,587.440063,587.514160,587.588257,587.662354,587.736450,587.810486,587.884583,587.958679,588.032776,588.106873,588.180908,588.255005,588.329102,588.403198,588.477234,588.551331,588.625427,588.699524,588.773560,588.847656,588.921753,588.995789,589.069885,589.143921,589.218018,589.292114,589.366150,589.440247,589.514282,589.588379,589.662415,589.736511,589.810547,589.884644,589.958679,590.032776,590.106812,590.180908,590.254944,590.329041,590.403076,590.477112,590.551208,590.625244,590.699341,590.773376,590.847412,590.921448,590.995544,591.069580,591.143616,591.217712,591.291748,591.365784,591.439819,591.513916,591.587952,591.661987,591.736023,591.810059,591.884094,591.958191,592.032227,592.106262,592.180298,592.254333,592.328369,592.402405,592.476440,592.550476,592.624512,592.698547,592.772583,592.846619,592.920654,592.994690,593.068726,593.142761,593.216797,593.290833,593.364868,593.438904,593.512878,593.586914,593.660950,593.734985,593.809021,593.883057,593.957031,594.031067,594.105103,594.179138,594.253113,594.327148,594.401184,594.475159,594.549194,594.623230,594.697205,594.771240,594.845276,594.919250,594.993286,595.067261,595.141296,595.215332,595.289307,595.363342,595.437317,595.511353,595.585327,595.659363,595.733337,595.807373,595.881348,595.955322,596.029358,596.103333,596.177368,596.251343,596.325317,596.399353,596.473328,596.547302,596.621338,596.695313,596.769287,596.843323,596.917297,596.991272,597.065247,597.139221,597.213257,597.287231,597.361206,597.435181,597.509155,597.583130,597.657166,597.731140,597.805115,597.879089,597.953064,598.027039,598.101013,598.174988,598.248962,598.322937,598.396912,598.470886,598.544861,598.618835,598.692810,598.766785,598.840759,598.914673,598.988647,599.062622,599.136597,599.210571,599.284546,599.358459,599.432434,599.506409,599.580383,599.654358,599.728271,599.802246,599.876221,599.950134,600.024109,600.098083,600.171997,600.245972,600.319946,600.393860,600.467834,600.541748,600.615723,600.689697,600.763611,600.837585,600.911499,600.985474,601.059387,601.133362,601.207275,601.281189,601.355164,601.429077,601.503052,601.576965,601.650879,601.724854,601.798767,601.872681,601.946655,602.020569,602.094482,602.168457,602.242371,602.316284,602.390198,602.464172,602.538086,602.612000,602.685913,602.759827,602.833740,602.907715,602.981628,603.055542,603.129456,603.203369,603.277283,603.351196,603.425110,603.499023,603.572937,603.646851,603.720764,603.794678,603.868591,603.942505,604.016418,604.090332,604.164246,604.238098,604.312012,604.385925,604.459839,604.533752,604.607666,604.681519,604.755432,604.829346,604.903259,604.977112,605.051025,605.124939,605.198792,605.272705,605.346619,605.420471,605.494385,605.568298,605.642151,605.716064,605.789917,605.863831,605.937683,606.011597,606.085449,606.159363,606.233215,606.307129,606.380981,606.454895,606.528748,606.602661,606.676514,606.750366,606.824280,606.898132,606.971985,607.045898,607.119751,607.193604,607.267517,607.341370,607.415222,607.489075,607.562988,607.636841,607.710693,607.784546,607.858398,607.932251,608.006165,608.080017,608.153870,608.227722,608.301575,608.375427,608.449280,608.523132,608.596985,608.670837,608.744690,608.818542,608.892395,608.966248,609.040100,609.113953,609.187805,609.261597,609.335449,609.409302,609.483154,609.557007,609.630859,609.704651,609.778503,609.852356,609.926208,610.000000,610.073853,610.147705,610.221497,610.295349,610.369202,610.442993,610.516846,610.590698,610.664490,610.738342,610.812134,610.885986,610.959778,611.033630,611.107422,611.181274,611.255066,611.328918,611.402710,611.476563,611.550354,611.624146,611.697998,611.771790,611.845581,611.919434,611.993225,612.067017,612.140869,612.214661,612.288452,612.362244,612.436096,612.509888,612.583679,612.657471,612.731262,612.805054,612.878906,612.952698,613.026489,613.100281,613.174072,613.247864,613.321655,613.395447,613.469238,613.543030,613.616821,613.690613,613.764404,613.838196,613.911987,613.985779,614.059509,614.133301,614.207092,614.280884,614.354675,614.428467,614.502197,614.575989,614.649780,614.723572,614.797302,614.871094,614.944885,615.018616,615.092407,615.166199,615.239929,615.313721,615.387512,615.461243,615.535034,615.608765,615.682556,615.756287,615.830078,615.903809,615.977600,616.051331,616.125122,616.198853,616.272644,616.346375,616.420105,616.493896,616.567627,616.641357,616.715149,616.788879,616.862610,616.936401,617.010132,617.083862,617.157593,617.231323,617.305115,617.378845,617.452576,617.526306,617.600037,617.673767,617.747498,617.821228,617.894958,617.968750,618.042480,618.116211,618.189941,618.263672,618.337341,618.411072,618.484802,618.558533,618.632263,618.705994,618.779724,618.853455,618.927185,619.000854,619.074585,619.148315,619.222046,619.295715,619.369446,619.443176,619.516907,619.590576,619.664307,619.738037,619.811707,619.885437,619.959106,620.032837,620.106567,620.180237,620.253967,620.327637,620.401367,620.475037,620.548767,620.622437,620.696167,620.769836,620.843506,620.917236,620.990906,621.064636,621.138306,621.211975,621.285706,621.359375,621.433044,621.506714,621.580444,621.654114,621.727783,621.801453,621.875122,621.948853,622.022522,622.096191,622.169861,622.243530,622.317200,622.390869,622.464539,622.538208,622.611877,622.685547,622.759216,622.832886,622.906555,622.980225,623.053894,623.127563,623.201233,623.274902,623.348511,623.422180,623.495850,623.569519,623.643188,623.716797,623.790466,623.864136,623.937805,624.011414,624.085083,624.158752,624.232361,624.306030,624.379700,624.453308,624.526978,624.600586,624.674255,624.747864,624.821533,624.895142,624.968811,625.042419,625.116089,625.189697,625.263367,625.336975,625.410583,625.484253,625.557861,625.631470,625.705139,625.778748,625.852356,625.925964,625.999634,626.073242,626.146851,626.220459,626.294067,626.367737,626.441345,626.514954,626.588562,626.662170,626.735779,626.809387,626.882996,626.956604,627.030212,627.103821,627.177429,627.251038,627.324646,627.398254,627.471863,627.545471,627.619080,627.692627,627.766235,627.839844,627.913452,627.987061,628.060608,628.134216,628.207825,628.281433,628.354980,628.428589,628.502197,628.575745,628.649353,628.722900,628.796509,628.870117,628.943665,629.017273,629.090820,629.164429,629.237976,629.311584,629.385132,629.458679,629.532288,629.605835,629.679443,629.752991,629.826538,629.900146,629.973694,630.047241,630.120789,630.194397,630.267944,630.341492,630.415039,630.488647,630.562195,630.635742,630.709290,630.782837,630.856384,630.929932,631.003479,631.077026,631.150574,631.224121,631.297668,631.371216,631.444763,631.518311,631.591858,631.665405,631.738953,631.812500,631.886047,631.959534,632.033081,632.106628,632.180176,632.253723,632.327209,632.400757,632.474304,632.547791,632.621338,632.694885,632.768372,632.841919,632.915466,632.988953,633.062500,633.135986,633.209534,633.283020,633.356567,633.430054,633.503601,633.577087,633.650635,633.724121,633.797607,633.871155,633.944641,634.018127,634.091675,634.165161,634.238647,634.312195,634.385681,634.459167,634.532654,634.606140,634.679688,634.753174,634.826660,634.900146,634.973633,635.047119,635.120605,635.194092,635.267578,635.341064,635.414551,635.488037,635.561523,635.635010,635.708496,635.781982,635.855469,635.928955,636.002380,636.075867,636.149353,636.222839,636.296326,636.369751,636.443237,636.516724,636.590149,636.663635,636.737122,636.810547,636.884033,636.957520,637.030945,637.104431,637.177856,637.251343,637.324768,637.398254,637.471680,637.545166,637.618591,637.692078,637.765503,637.838928,637.912415,637.985840,638.059265,638.132751,638.206177,638.279602,638.353088,638.426514,638.499939,638.573364,638.646790,638.720215,638.793701,638.867126,638.940552,639.013977,639.087402,639.160828,639.234253,639.307678,639.381104,639.454529,639.527954,639.601379,639.674805,639.748230,639.821655,639.895020,639.968445,640.041870,640.115295,640.188721,640.262085,640.335510,640.408936,640.482361,640.555725,640.629150,640.702576,640.775940,640.849365,640.922791,640.996155,641.069580,641.142944,641.216370,641.289734,641.363159,641.436523,641.509949,641.583313,641.656677,641.730103,641.803467,641.876892,641.950256,642.023621,642.096985,642.170410,642.243774,642.317139,642.390503,642.463928,642.537292,642.610657,642.684021,642.757385,642.830750,642.904114,642.977478,643.050903,643.124268,643.197632,643.270996,643.344360,643.417664,643.491028,643.564392,643.637756,643.711121,643.784485,643.857849,643.931213,644.004517,644.077881,644.151245,644.224609,644.297913,644.371277,644.444641,644.517944,644.591309,644.664673,644.737976,644.811340,644.884644,644.958008,645.031311,645.104675,645.177979,645.251343,645.324646,645.398010,645.471313,645.544678,645.617981,645.691284,645.764648,645.837952,645.911255,645.984619,646.057922,646.131226,646.204529,646.277832,646.351196,646.424500,646.497803,646.571106,646.644409,646.717712,646.791016,646.864319,646.937622,647.010925,647.084229,647.157532,647.230835,647.304138,647.377441,647.450745,647.524048,647.597351,647.670593,647.743896,647.817200,647.890503,647.963806,648.037048,648.110352,648.183655,648.256897,648.330200,648.403503,648.476746,648.550049,648.623291,648.696594,648.769836,648.843140,648.916382,648.989685,649.062927,649.136230,649.209473,649.282776,649.356018,649.429260,649.502563,649.575806,649.649048,649.722351,649.795593,649.868835,649.942078,650.015320,650.088623,650.161865,650.235107,650.308350,650.381592,650.454834,650.528076,650.601318,650.674561,650.747803,650.821045,650.894287,650.967529,651.040771,651.114014,651.187256,651.260498,651.333679,651.406921,651.480164,651.553406,651.626648,651.699829,651.773071,651.846313,651.919495,651.992737,652.065979,652.139160,652.212402,652.285583,652.358826,652.432007,652.505249,652.578430,652.651672,652.724854,652.798096,652.871277,652.944519,653.017700,653.090881,653.164124,653.237305,653.310486,653.383667,653.456909,653.530090,653.603271,653.676453,653.749634,653.822876,653.896057,653.969238,654.042419,654.115601,654.188782,654.261963,654.335144,654.408325,654.481506,654.554688,654.627869,654.701050,654.774231,654.847351,654.920532,654.993713,655.066895,655.140076,655.213196,655.286377,655.359558,655.432739,655.505859,655.579041,655.652161,655.725342,655.798523,655.871643,655.944824,656.017944,656.091125,656.164246,656.237427,656.310547,656.383728,656.456848,656.529968,656.603149,656.676270,656.749390,656.822571,656.895691,656.968811,657.041931,657.115112,657.188232,657.261353,657.334473,657.407593,657.480713,657.553894,657.627014,657.700134,657.773254,657.846375,657.919495,657.992615,658.065735,658.138794,658.211914,658.285034,658.358154,658.431274,658.504395,658.577515,658.650574,658.723694,658.796814,658.869934,658.942993,659.016113,659.089233,659.162292,659.235413,659.308472,659.381592,659.454651,659.527771,659.600891,659.673950,659.747009,659.820129,659.893188,659.966309,660.039368,660.112427,660.185547,660.258606,660.331665,660.404785,660.477844,660.550903,660.623962,660.697021,660.770142,660.843201,660.916260,660.989319,661.062378,661.135437,661.208496,661.281555,661.354614,661.427673,661.500732,661.573792,661.646851,661.719910,661.792969,661.866028,661.939026,662.012085,662.085144,662.158203,662.231201,662.304260,662.377319,662.450317,662.523376,662.596436,662.669434,662.742493,662.815552,662.888550,662.961609,663.034607,663.107666,663.180664,663.253662,663.326721,663.399719,663.472778,663.545776,663.618774,663.691833,663.764832,663.837830,663.910828,663.983887,664.056885,664.129883,664.202881,664.275879,664.348877,664.421875,664.494934,664.567932,664.640930,664.713928,664.786926,664.859924,664.932861,665.005859,665.078857,665.151855,665.224854,665.297852,665.370850,665.443787,665.516785,665.589783,665.662781,665.735718,665.808716,665.881714,665.954651,666.027649,666.100647,666.173584,666.246582,666.319519,666.392517,666.465454,666.538452,666.611389,666.684326,666.757324,666.830261,666.903259,666.976196,667.049133,667.122070,667.195068,667.268005,667.340942,667.413879,667.486877,667.559814,667.632751,667.705688,667.778625,667.851563,667.924500,667.997437,668.070374,668.143311,668.216248,668.289185,668.362122,668.435059,668.507996,668.580872,668.653809,668.726746,668.799683,668.872620,668.945496,669.018433,669.091370,669.164246,669.237183,669.310120,669.382996,669.455933,669.528809,669.601746,669.674622,669.747559,669.820435,669.893372,669.966248,670.039185,670.112061,670.184937,670.257874,670.330750,670.403625,670.476501,670.549438,670.622314,670.695190,670.768066,670.840942,670.913818,670.986755,671.059631,671.132507,671.205383,671.278259,671.351135,671.424011,671.496887,671.569763,671.642578,671.715454,671.788330,671.861206,671.934082,672.006958,672.079773,672.152649,672.225525,672.298401,672.371216,672.444092,672.516907,672.589783,672.662659,672.735474,672.808350,672.881165,672.954041,673.026855,673.099731,673.172546,673.245422,673.318237,673.391052,673.463928,673.536743,673.609558,673.682373,673.755249,673.828064,673.900879,673.973694,674.046509,674.119385,674.192200,674.265015,674.337830,674.410645,674.483459,674.556274,674.629089,674.701904,674.774719,674.847534,674.920288,674.993103,675.065918,675.138733,675.211548,675.284302,675.357117,675.429932,675.502747,675.575500,675.648315,675.721069,675.793884,675.866699,675.939453,676.012268,676.085022,676.157837,676.230591,676.303406,676.376160,676.448914,676.521729,676.594482,676.667236,676.740051,676.812805,676.885559,676.958374,677.031128,677.103882,677.176636,677.249390,677.322144,677.394897,677.467651,677.540466,677.613220,677.685974,677.758667,677.831421,677.904175,677.976929,678.049683,678.122437,678.195190,678.267944,678.340637,678.413391,678.486145,678.558899,678.631592,678.704346,678.777100,678.849792,678.922546,678.995239,679.067993,679.140747,679.213440,679.286194,679.358887,679.431580,679.504333,679.577026,679.649780,679.722473,679.795166,679.867920,679.940613,680.013306,680.085999,680.158691,680.231445,680.304138,680.376831,680.449524,680.522217,680.594910,680.667603,680.740295,680.812988,680.885681,680.958374,681.031067,681.103760,681.176453,681.249146,681.321777,681.394470,681.467163,681.539856,681.612488,681.685181,681.757874,681.830505,681.903198,681.975891,682.048523,682.121216,682.193848,682.266541,682.339172,682.411865,682.484497,682.557190,682.629822,682.702454,682.775146,682.847778,682.920410,682.993103,683.065735,683.138367,683.210999,683.283691,683.356323,683.428955,683.501587,683.574219,683.646851,683.719482,683.792114,683.864746,683.937378,684.010010,684.082642,684.155273,684.227905,684.300537,684.373108,684.445740,684.518372,684.591003,684.663574,684.736206,684.808838,684.881409,684.954041,685.026672
pdY = 2300.000000,2312.000000,2318.000000,2311.000000,2300.000000,2293.000000,2301.000000,2285.000000,2289.000000,2298.000000,2303.000000,2278.000000,2290.000000,2278.000000,2292.000000,2281.000000,2287.000000,2268.000000,2275.000000,2287.000000,2284.000000,2284.000000,2270.000000,2263.000000,2286.000000,2282.000000,2293.000000,2292.000000,2294.000000,2293.000000,2294.000000,2308.000000,2312.000000,2297.000000,2315.000000,2313.000000,2324.000000,2320.000000,2294.000000,2299.000000,2306.000000,2303.000000,2312.000000,2300.000000,2301.000000,2321.000000,2314.000000,2314.000000,2321.000000,2308.000000,2313.000000,2323.000000,2317.000000,2312.000000,2321.000000,2321.000000,2310.000000,2310.000000,2298.000000,2306.000000,2319.000000,2309.000000,2312.000000,2292.000000,2311.000000,2295.000000,2310.000000,2315.000000,2294.000000,2297.000000,2290.000000,2297.000000,2283.000000,2289.000000,2286.000000,2297.000000,2310.000000,2274.000000,2288.000000,2300.000000,2276.000000,2284.000000,2293.000000,2281.000000,2295.000000,2281.000000,2285.000000,2275.000000,2288.000000,2306.000000,2286.000000,2284.000000,2300.000000,2306.000000,2293.000000,2286.000000,2295.000000,2296.000000,2318.000000,2308.000000,2302.000000,2300.000000,2277.000000,2289.000000,2303.000000,2320.000000,2306.000000,2304.000000,2305.000000,2314.000000,2310.000000,2307.000000,2320.000000,2335.000000,2317.000000,2332.000000,2339.000000,2354.000000,2350.000000,2380.000000,2386.000000,2415.000000,2497.000000,2646.000000,2774.000000,2778.000000,2729.000000,2600.000000,2526.000000,2557.000000,2670.000000,2916.000000,3110.000000,3082.000000,2978.000000,2789.000000,2674.000000,2498.000000,2470.000000,2474.000000,2448.000000,2394.000000,2402.000000,2386.000000,2385.000000,2372.000000,2392.000000,2372.000000,2403.000000,2422.000000,2466.000000,2448.000000,2469.000000,2475.000000,2443.000000,2410.000000,2371.000000,2379.000000,2367.000000,2350.000000,2339.000000,2338.000000,2338.000000,2317.000000,2320.000000,2318.000000,2341.000000,2298.000000,2303.000000,2288.000000,2303.000000,2312.000000,2320.000000,2307.000000,2311.000000,2323.000000,2318.000000,2310.000000,2310.000000,2345.000000,2316.000000,2319.000000,2314.000000,2323.000000,2321.000000,2331.000000,2323.000000,2316.000000,2321.000000,2327.000000,2326.000000,2343.000000,2334.000000,2321.000000,2324.000000,2356.000000,2353.000000,2361.000000,2369.000000,2351.000000,2369.000000,2360.000000,2371.000000,2388.000000,2390.000000,2376.000000,2387.000000,2386.000000,2389.000000,2390.000000,2395.000000,2374.000000,2362.000000,2350.000000,2338.000000,2335.000000,2330.000000,2328.000000,2326.000000,2348.000000,2336.000000,2333.000000,2355.000000,2354.000000,2352.000000,2349.000000,2348.000000,2348.000000,2319.000000,2318.000000,2319.000000,2322.000000,2308.000000,2294.000000,2287.000000,2296.000000,2310.000000,2313.000000,2307.000000,2293.000000,2310.000000,2325.000000,2314.000000,2308.000000,2287.000000,2306.000000,2304.000000,2297.000000,2308.000000,2318.000000,2295.000000,2307.000000,2321.000000,2317.000000,2317.000000,2306.000000,2313.000000,2315.000000,2325.000000,2317.000000,2326.000000,2334.000000,2333.000000,2339.000000,2344.000000,2353.000000,2364.000000,2370.000000,2370.000000,2389.000000,2410.000000,2384.000000,2407.000000,2419.000000,2424.000000,2392.000000,2409.000000,2366.000000,2364.000000,2359.000000,2349.000000,2336.000000,2371.000000,2336.000000,2360.000000,2344.000000,2344.000000,2342.000000,2332.000000,2349.000000,2341.000000,2334.000000,2320.000000,2312.000000,2325.000000,2316.000000,2342.000000,2331.000000,2335.000000,2318.000000,2347.000000,2335.000000,2354.000000,2347.000000,2325.000000,2336.000000,2330.000000,2341.000000,2325.000000,2324.000000,2334.000000,2322.000000,2331.000000,2324.000000,2335.000000,2317.000000,2318.000000,2326.000000,2310.000000,2325.000000,2317.000000,2315.000000,2322.000000,2327.000000,2318.000000,2315.000000,2325.000000,2326.000000,2312.000000,2331.000000,2321.000000,2331.000000,2328.000000,2329.000000,2317.000000,2325.000000,2342.000000,2324.000000,2319.000000,2335.000000,2332.000000,2333.000000,2327.000000,2326.000000,2323.000000,2326.000000,2325.000000,2325.000000,2325.000000,2320.000000,2321.000000,2318.000000,2332.000000,2320.000000,2323.000000,2315.000000,2334.000000,2341.000000,2347.000000,2334.000000,2320.000000,2325.000000,2324.000000,2340.000000,2340.000000,2339.000000,2329.000000,2354.000000,2346.000000,2342.000000,2353.000000,2322.000000,2345.000000,2336.000000,2354.000000,2334.000000,2338.000000,2336.000000,2319.000000,2336.000000,2346.000000,2362.000000,2341.000000,2341.000000,2328.000000,2347.000000,2342.000000,2342.000000,2333.000000,2335.000000,2347.000000,2325.000000,2335.000000,2333.000000,2329.000000,2327.000000,2339.000000,2344.000000,2343.000000,2324.000000,2350.000000,2348.000000,2322.000000,2323.000000,2340.000000,2318.000000,2340.000000,2329.000000,2352.000000,2348.000000,2337.000000,2327.000000,2320.000000,2351.000000,2344.000000,2355.000000,2352.000000,2340.000000,2352.000000,2347.000000,2347.000000,2332.000000,2344.000000,2343.000000,2356.000000,2359.000000,2350.000000,2349.000000,2362.000000,2345.000000,2342.000000,2345.000000,2339.000000,2358.000000,2360.000000,2354.000000,2338.000000,2364.000000,2348.000000,2367.000000,2350.000000,2354.000000,2353.000000,2333.000000,2355.000000,2363.000000,2355.000000,2367.000000,2351.000000,2347.000000,2359.000000,2354.000000,2341.000000,2364.000000,2393.000000,2358.000000,2365.000000,2366.000000,2370.000000,2373.000000,2350.000000,2359.000000,2376.000000,2365.000000,2354.000000,2368.000000,2344.000000,2348.000000,2366.000000,2353.000000,2370.000000,2374.000000,2349.000000,2378.000000,2361.000000,2374.000000,2360.000000,2368.000000,2369.000000,2370.000000,2361.000000,2372.000000,2376.000000,2374.000000,2383.000000,2364.000000,2343.000000,2371.000000,2367.000000,2359.000000,2386.000000,2350.000000,2397.000000,2383.000000,2386.000000,2369.000000,2371.000000,2384.000000,2369.000000,2382.000000,2379.000000,2373.000000,2382.000000,2382.000000,2368.000000,2392.000000,2378.000000,2386.000000,2397.000000,2391.000000,2407.000000,2388.000000,2370.000000,2388.000000,2387.000000,2394.000000,2397.000000,2383.000000,2403.000000,2412.000000,2375.000000,2383.000000,2376.000000,2391.000000,2381.000000,2418.000000,2393.000000,2394.000000,2390.000000,2386.000000,2390.000000,2414.000000,2379.000000,2409.000000,2395.000000,2386.000000,2407.000000,2405.000000,2418.000000,2401.000000,2391.000000,2386.000000,2409.000000,2416.000000,2382.000000,2425.000000,2405.000000,2401.000000,2398.000000,2399.000000,2408.000000,2392.000000,2410.000000,2421.000000,2397.000000,2409.000000,2411.000000,2396.000000,2410.000000,2391.000000,2422.000000,2407.000000,2401.000000,2421.000000,2416.000000,2403.000000,2428.000000,2416.000000,2410.000000,2417.000000,2422.000000,2430.000000,2406.000000,2417.000000,2424.000000,2413.000000,2441.000000,2421.000000,2425.000000,2443.000000,2430.000000,2440.000000,2410.000000,2429.000000,2422.000000,2407.000000,2431.000000,2451.000000,2450.000000,2441.000000,2414.000000,2443.000000,2415.000000,2437.000000,2432.000000,2433.000000,2413.000000,2459.000000,2450.000000,2426.000000,2450.000000,2432.000000,2434.000000,2437.000000,2438.000000,2428.000000,2445.000000,2460.000000,2424.000000,2469.000000,2432.000000,2466.000000,2449.000000,2447.000000,2461.000000,2457.000000,2485.000000,2463.000000,2446.000000,2465.000000,2436.000000,2435.000000,2451.000000,2446.000000,2450.000000,2445.000000,2463.000000,2451.000000,2465.000000,2457.000000,2456.000000,2456.000000,2457.000000,2456.000000,2491.000000,2468.000000,2479.000000,2440.000000,2461.000000,2485.000000,2467.000000,2453.000000,2475.000000,2459.000000,2469.000000,2446.000000,2463.000000,2481.000000,2465.000000,2466.000000,2478.000000,2468.000000,2487.000000,2503.000000,2486.000000,2488.000000,2499.000000,2474.000000,2494.000000,2494.000000,2484.000000,2490.000000,2484.000000,2493.000000,2495.000000,2504.000000,2501.000000,2493.000000,2503.000000,2483.000000,2507.000000,2497.000000,2479.000000,2501.000000,2508.000000,2521.000000,2494.000000,2504.000000,2490.000000,2491.000000,2524.000000,2534.000000,2488.000000,2512.000000,2494.000000,2503.000000,2503.000000,2482.000000,2518.000000,2486.000000,2533.000000,2488.000000,2502.000000,2519.000000,2522.000000,2515.000000,2541.000000,2515.000000,2525.000000,2536.000000,2532.000000,2520.000000,2518.000000,2513.000000,2534.000000,2524.000000,2514.000000,2542.000000,2524.000000,2535.000000,2547.000000,2533.000000,2525.000000,2509.000000,2525.000000,2532.000000,2524.000000,2527.000000,2540.000000,2546.000000,2535.000000,2534.000000,2530.000000,2535.000000,2550.000000,2545.000000,2521.000000,2579.000000,2538.000000,2570.000000,2536.000000,2565.000000,2527.000000,2544.000000,2572.000000,2519.000000,2552.000000,2548.000000,2563.000000,2550.000000,2544.000000,2548.000000,2561.000000,2545.000000,2559.000000,2585.000000,2560.000000,2576.000000,2571.000000,2564.000000,2545.000000,2542.000000,2581.000000,2566.000000,2565.000000,2559.000000,2558.000000,2590.000000,2563.000000,2605.000000,2550.000000,2581.000000,2585.000000,2591.000000,2575.000000,2577.000000,2589.000000,2587.000000,2567.000000,2583.000000,2598.000000,2603.000000,2601.000000,2600.000000,2579.000000,2592.000000,2585.000000,2588.000000,2577.000000,2616.000000,2591.000000,2609.000000,2579.000000,2609.000000,2607.000000,2632.000000,2593.000000,2590.000000,2612.000000,2610.000000,2586.000000,2633.000000,2602.000000,2597.000000,2603.000000,2599.000000,2563.000000,2622.000000,2624.000000,2598.000000,2645.000000,2622.000000,2614.000000,2639.000000,2584.000000,2630.000000,2632.000000,2602.000000,2616.000000,2649.000000,2639.000000,2637.000000,2646.000000,2635.000000,2637.000000,2651.000000,2648.000000,2632.000000,2675.000000,2663.000000,2622.000000,2646.000000,2622.000000,2636.000000,2665.000000,2643.000000,2639.000000,2680.000000,2640.000000,2654.000000,2678.000000,2646.000000,2669.000000,2669.000000,2626.000000,2660.000000,2653.000000,2669.000000,2661.000000,2676.000000,2697.000000,2668.000000,2703.000000,2673.000000,2681.000000,2680.000000,2711.000000,2671.000000,2684.000000,2630.000000,2676.000000,2702.000000,2677.000000,2690.000000,2691.000000,2697.000000,2689.000000,2690.000000,2702.000000,2661.000000,2676.000000,2721.000000,2704.000000,2680.000000,2670.000000,2715.000000,2699.000000,2728.000000,2714.000000,2723.000000,2732.000000,2729.000000,2702.000000,2716.000000,2716.000000,2747.000000,2761.000000,2761.000000,2714.000000,2708.000000,2704.000000,2743.000000,2736.000000,2743.000000,2740.000000,2745.000000,2743.000000,2762.000000,2726.000000,2751.000000,2746.000000,2721.000000,2785.000000,2762.000000,2771.000000,2796.000000,2748.000000,2753.000000,2753.000000,2759.000000,2742.000000,2787.000000,2806.000000,2753.000000,2781.000000,2788.000000,2764.000000,2758.000000,2802.000000,2775.000000,2798.000000,2784.000000,2786.000000,2765.000000,2751.000000,2790.000000,2779.000000,2766.000000,2793.000000,2801.000000,2797.000000,2774.000000,2793.000000,2769.000000,2782.000000,2789.000000,2783.000000,2786.000000,2786.000000,2806.000000,2807.000000,2827.000000,2828.000000,2791.000000,2817.000000,2800.000000,2819.000000,2834.000000,2825.000000,2791.000000,2832.000000,2827.000000,2809.000000,2821.000000,2883.000000,2802.000000,2806.000000,2854.000000,2851.000000,2896.000000,2826.000000,2851.000000,2837.000000,2862.000000,2835.000000,2845.000000,2887.000000,2847.000000,2845.000000,2824.000000,2848.000000,2856.000000,2878.000000,2906.000000,2869.000000,2853.000000,2864.000000,2874.000000,2876.000000,2887.000000,2894.000000,2894.000000,2900.000000,2866.000000,2912.000000,2901.000000,2919.000000,2869.000000,2887.000000,2924.000000,2945.000000,2908.000000,2905.000000,2906.000000,2934.000000,2928.000000,2912.000000,2886.000000,2912.000000,2938.000000,2938.000000,2933.000000,2892.000000,2946.000000,2930.000000,2957.000000,2906.000000,2939.000000,2960.000000,2942.000000,2956.000000,2952.000000,2986.000000,2921.000000,2963.000000,2969.000000,2978.000000,2901.000000,2979.000000,3006.000000,2985.000000,2992.000000,3055.000000,2971.000000,2974.000000,2962.000000,2987.000000,2945.000000,2996.000000,3020.000000,2983.000000,3044.000000,3024.000000,3033.000000,3017.000000,3031.000000,3025.000000,3047.000000,3015.000000,3067.000000,3030.000000,2993.000000,3014.000000,3027.000000,3014.000000,3015.000000,3031.000000,3007.000000,3022.000000,3048.000000,3033.000000,3019.000000,3085.000000,3020.000000,3018.000000,3025.000000,3044.000000,3061.000000,3031.000000,3052.000000,3033.000000,3038.000000,3063.000000,3124.000000,3076.000000,3104.000000,3058.000000,3130.000000,3048.000000,3114.000000,3132.000000,3109.000000,3112.000000,3051.000000,3111.000000,3074.000000,3082.000000,3080.000000,3098.000000,3147.000000,3105.000000,3132.000000,3141.000000,3161.000000,3094.000000,3102.000000,3139.000000,3189.000000,3137.000000,3164.000000,3154.000000,3130.000000,3110.000000,3137.000000,3137.000000,3203.000000,3133.000000,3148.000000,3162.000000,3121.000000,3163.000000,3114.000000,3136.000000,3142.000000,3143.000000,3170.000000,3127.000000,3124.000000,3173.000000,3183.000000,3123.000000,3214.000000,3257.000000,3198.000000,3213.000000,3179.000000,3162.000000,3187.000000,3174.000000,3159.000000,3201.000000,3198.000000,3199.000000,3201.000000,3178.000000,3191.000000,3236.000000,3205.000000,3240.000000,3194.000000,3219.000000,3228.000000,3263.000000,3237.000000,3228.000000,3233.000000,3231.000000,3246.000000,3220.000000,3262.000000,3221.000000,3222.000000,3296.000000,3259.000000,3305.000000,3278.000000,3271.000000,3223.000000,3239.000000,3261.000000,3263.000000,3274.000000,3239.000000,3251.000000,3266.000000,3250.000000,3280.000000,3297.000000,3269.000000,3285.000000,3258.000000,3321.000000,3268.000000,3258.000000,3323.000000,3326.000000,3300.000000,3273.000000,3320.000000,3271.000000,3284.000000,3335.000000,3330.000000,3370.000000,3296.000000,3323.000000,3366.000000,3365.000000,3244.000000,3356.000000,3297.000000,3368.000000,3320.000000,3290.000000,3343.000000,3326.000000,3374.000000,3345.000000,3338.000000,3369.000000,3347.000000,3352.000000,3380.000000,3362.000000,3358.000000,3352.000000,3311.000000,3300.000000,3328.000000,3315.000000,3384.000000,3416.000000,3391.000000,3367.000000,3406.000000,3416.000000,3371.000000,3407.000000,3380.000000,3366.000000,3389.000000,3358.000000,3401.000000,3351.000000,3371.000000,3377.000000,3395.000000,3436.000000,3358.000000,3413.000000,3334.000000,3433.000000,3372.000000,3411.000000,3382.000000,3384.000000,3446.000000,3430.000000,3437.000000,3432.000000,3442.000000,3504.000000,3378.000000,3428.000000,3387.000000,3415.000000,3458.000000,3394.000000,3472.000000,3459.000000,3431.000000,3419.000000,3396.000000,3432.000000,3400.000000,3432.000000,3351.000000,3464.000000,3473.000000,3454.000000,3399.000000,3439.000000,3412.000000,3459.000000,3422.000000,3441.000000,3427.000000,3438.000000,3443.000000,3474.000000,3422.000000,3466.000000,3428.000000,3437.000000,3467.000000,3403.000000,3478.000000,3455.000000,3488.000000,3410.000000,3423.000000,3447.000000,3492.000000,3477.000000,3441.000000,3436.000000,3427.000000,3483.000000,3436.000000,3415.000000,3486.000000,3476.000000,3447.000000,3477.000000,3438.000000,3481.000000,3513.000000,3502.000000,3466.000000,3500.000000,3481.000000,3479.000000,3457.000000,3515.000000,3495.000000,3470.000000,3507.000000,3517.000000,3469.000000,3501.000000,3521.000000,3461.000000,3463.000000,3536.000000,3470.000000,3433.000000,3470.000000,3527.000000,3512.000000,3488.000000,3460.000000,3480.000000,3528.000000,3523.000000,3488.000000,3573.000000,3460.000000,3473.000000,3415.000000,3533.000000,3478.000000,3511.000000,3457.000000,3549.000000,3487.000000,3428.000000,3402.000000,3471.000000,3438.000000,3503.000000,3496.000000,3497.000000,3490.000000,3499.000000,3483.000000,3450.000000,3517.000000,3549.000000,3510.000000,3525.000000,3498.000000,3544.000000,3523.000000,3515.000000,3512.000000,3539.000000,3501.000000,3510.000000,3522.000000,3534.000000,3492.000000,3476.000000,3517.000000,3481.000000,3554.000000,3556.000000,3570.000000,3502.000000,3564.000000,3555.000000,3528.000000,3507.000000,3539.000000,3512.000000,3548.000000,3506.000000,3451.000000,3518.000000,3512.000000,3487.000000,3488.000000,3537.000000,3496.000000,3519.000000,3505.000000,3493.000000,3448.000000,3481.000000,3507.000000,3519.000000,3481.000000,3546.000000,3516.000000,3511.000000,3509.000000,3521.000000,3580.000000,3572.000000,3569.000000,3468.000000,3510.000000,3497.000000,3565.000000,3501.000000,3491.000000,3515.000000,3551.000000,3509.000000,3508.000000,3582.000000,3539.000000,3503.000000,3494.000000,3546.000000,3587.000000,3507.000000,3518.000000,3542.000000,3562.000000,3487.000000,3498.000000,3518.000000,3526.000000,3598.000000,3540.000000,3505.000000,3517.000000,3514.000000,3537.000000,3596.000000,3495.000000,3543.000000,3539.000000,3556.000000,3570.000000,3539.000000,3564.000000,3516.000000,3546.000000,3608.000000,3515.000000,3539.000000,3586.000000,3488.000000,3566.000000,3590.000000,3568.000000,3520.000000,3582.000000,3559.000000,3554.000000,3541.000000,3583.000000,3515.000000,3569.000000,3571.000000,3557.000000,3520.000000,3527.000000,3592.000000,3587.000000,3597.000000,3581.000000,3580.000000,3614.000000,3569.000000,3549.000000,3531.000000,3560.000000,3624.000000,3540.000000,3601.000000,3582.000000,3584.000000,3543.000000,3549.000000,3589.000000,3612.000000,3605.000000,3575.000000,3599.000000,3597.000000,3626.000000,3587.000000,3587.000000,3665.000000,3566.000000,3564.000000,3619.000000,3589.000000,3634.000000,3583.000000,3627.000000,3614.000000,3629.000000,3578.000000,3585.000000,3638.000000,3697.000000,3581.000000,3654.000000,3628.000000,3636.000000,3594.000000,3594.000000,3597.000000,3629.000000,3616.000000,3635.000000,3649.000000,3651.000000,3647.000000,3657.000000,3654.000000,3704.000000,3686.000000,3699.000000,3655.000000,3624.000000,3558.000000,3631.000000,3665.000000,3696.000000,3644.000000,3684.000000,3750.000000,3711.000000,3694.000000,3660.000000,3642.000000,3619.000000,3650.000000,3651.000000,3685.000000,3713.000000,3701.000000,3686.000000,3730.000000,3705.000000,3716.000000,3692.000000,3702.000000,3721.000000,3688.000000,3671.000000,3662.000000,3702.000000,3672.000000,3720.000000,3760.000000,3707.000000,3651.000000,3751.000000,3759.000000,3752.000000,3776.000000,3799.000000,3695.000000,3757.000000,3765.000000,3781.000000,3714.000000,3733.000000,3756.000000,3744.000000,3746.000000,3804.000000,3784.000000,3710.000000,3801.000000,3828.000000,3826.000000,3712.000000,3707.000000,3651.000000,3642.000000,3776.000000,3708.000000,3750.000000,3800.000000,3868.000000,3806.000000,3814.000000,3880.000000,3812.000000,3826.000000,3895.000000,3911.000000,3873.000000,3846.000000,3906.000000,3897.000000,3859.000000,3925.000000,3844.000000,3906.000000,3929.000000,3894.000000,3880.000000,3870.000000,3884.000000,3899.000000,3885.000000,3948.000000,3938.000000,3916.000000,3960.000000,3938.000000,3923.000000,3934.000000,3971.000000,3963.000000,4004.000000,3974.000000,3982.000000,3976.000000,3991.000000,3981.000000,3973.000000,4004.000000,4020.000000,4031.000000,4002.000000,4043.000000,4067.000000,4080.000000,4071.000000,4071.000000,4017.000000,4017.000000,3967.000000,3909.000000,3841.000000,3835.000000,3784.000000,3890.000000,3863.000000,3826.000000,3925.000000,3918.000000,3996.000000,4000.000000,4073.000000,4080.000000,4128.000000,4088.000000,4158.000000,4140.000000,4118.000000,4230.000000,4209.000000,4237.000000,4208.000000,4272.000000,4185.000000,4204.000000,4202.000000,4298.000000,4256.000000,4262.000000,4248.000000,4258.000000,4263.000000,4275.000000,4320.000000,4289.000000,4249.000000,4354.000000,4312.000000,4268.000000,4369.000000,4366.000000,4283.000000,4360.000000,4358.000000,4430.000000,4392.000000,4443.000000,4464.000000,4428.000000,4454.000000,4458.000000,4437.000000,4440.000000,4387.000000,4403.000000,4496.000000,4431.000000,4409.000000,4483.000000,4439.000000,4508.000000,4467.000000,4573.000000,4549.000000,4615.000000,4548.000000,4575.000000,4564.000000,4565.000000,4515.000000,4571.000000,4702.000000,4679.000000,4562.000000,4652.000000,4644.000000,4691.000000,4713.000000,4730.000000,4651.000000,4715.000000,4705.000000,4719.000000,4667.000000,4688.000000,4781.000000,4754.000000,4758.000000,4779.000000,4826.000000,4783.000000,4832.000000,4863.000000,4800.000000,4775.000000,4886.000000,4820.000000,4832.000000,4767.000000,4780.000000,4768.000000,4753.000000,4832.000000,5020.000000,4900.000000,4918.000000,4927.000000,4939.000000,4982.000000,5049.000000,5004.000000,4920.000000,5026.000000,5005.000000,5065.000000,5024.000000,4997.000000,5048.000000,5129.000000,5085.000000,5124.000000,5153.000000,5044.000000,5035.000000,5108.000000,5064.000000,5134.000000,5150.000000,5080.000000,5169.000000,5180.000000,5194.000000,5163.000000,5182.000000,5223.000000,5149.000000,5218.000000,5296.000000,5263.000000,5223.000000,5303.000000,5263.000000,5250.000000,5259.000000,5291.000000,5286.000000,5342.000000,5263.000000,5345.000000,5325.000000,5396.000000,5332.000000,5333.000000,5325.000000,5303.000000,5389.000000,5428.000000,5429.000000,5455.000000,5532.000000,5502.000000,5453.000000,5550.000000,5429.000000,5464.000000,5543.000000,5533.000000,5504.000000,5457.000000,5522.000000,5619.000000,5628.000000,5561.000000,5555.000000,5594.000000,5495.000000,5645.000000,5571.000000,5638.000000,5703.000000,5605.000000,5654.000000,5669.000000,5674.000000,5732.000000,5771.000000,5723.000000,5815.000000,5786.000000,5652.000000,5766.000000,5759.000000,5805.000000,5822.000000,5774.000000,5807.000000,5842.000000,5849.000000,5769.000000,5867.000000,5830.000000,5883.000000,5911.000000,5896.000000,5879.000000,5900.000000,5904.000000,5925.000000,5937.000000,5927.000000,5863.000000,5933.000000,5951.000000,5963.000000,5968.000000,6001.000000,5991.000000,5945.000000,6067.000000,6130.000000,6015.000000,6111.000000,6000.000000,6071.000000,6032.000000,6093.000000,6014.000000,6060.000000,6119.000000,6032.000000,6058.000000,6119.000000,6095.000000,6206.000000,6099.000000,6021.000000,6099.000000,6198.000000,6128.000000,6100.000000,6163.000000,6265.000000,6208.000000,6231.000000,6313.000000,6176.000000,6089.000000,6194.000000,6310.000000,6248.000000,6287.000000,6253.000000,6197.000000,6219.000000,6259.000000,6294.000000,6274.000000,6295.000000,6298.000000,6166.000000,6370.000000,6284.000000,6289.000000,6311.000000,6373.000000,6450.000000,6313.000000,6377.000000,6309.000000,6343.000000,6405.000000,6466.000000,6479.000000,6419.000000,6500.000000,6519.000000,6382.000000,6431.000000,6596.000000,6375.000000,6424.000000,6354.000000,6510.000000,6411.000000,6498.000000,6411.000000,6466.000000,6607.000000,6481.000000,6415.000000,6486.000000,6467.000000,6473.000000,6599.000000,6564.000000,6416.000000,6520.000000,6447.000000,6393.000000,6450.000000,6586.000000,6472.000000,6578.000000,6664.000000,6645.000000,6596.000000,6553.000000,6523.000000,6508.000000,6531.000000,6507.000000,6522.000000,6604.000000,6735.000000,6616.000000,6680.000000,6543.000000,6636.000000,6674.000000,6513.000000,6625.000000,6593.000000,6676.000000,6745.000000,6687.000000,6669.000000,6611.000000,6638.000000,6661.000000,6690.000000,6501.000000,6654.000000,6653.000000,6631.000000,6701.000000,6600.000000,6700.000000,6711.000000,6724.000000,6723.000000,6586.000000,6718.000000,6675.000000,6703.000000,6773.000000,6715.000000,6739.000000,6745.000000,6636.000000,6783.000000,6672.000000,6692.000000,6782.000000,6795.000000,6645.000000,6688.000000,6727.000000,6745.000000,6701.000000,6701.000000,6676.000000,6699.000000,6784.000000,6738.000000,6737.000000,6689.000000,6605.000000,6714.000000,6733.000000,6681.000000,6664.000000,6691.000000,6684.000000,6788.000000,6676.000000,6729.000000,6762.000000,6737.000000,6714.000000,6676.000000,6690.000000,6718.000000,6742.000000,6603.000000,6607.000000,6724.000000,6640.000000,6629.000000,6642.000000,6643.000000,6614.000000,6577.000000,6722.000000,6633.000000,6684.000000,6693.000000,6580.000000,6778.000000,6644.000000,6616.000000,6682.000000,6606.000000,6713.000000,6584.000000,6680.000000,6656.000000,6624.000000,6636.000000,6590.000000,6605.000000,6640.000000,6685.000000,6625.000000,6590.000000,6627.000000,6616.000000,6541.000000,6543.000000,6668.000000,6707.000000,6644.000000,6557.000000,6559.000000,6489.000000,6547.000000,6610.000000,6526.000000,6652.000000,6529.000000,6506.000000,6438.000000,6547.000000,6484.000000,6562.000000,6494.000000,6403.000000,6077.000000
nFuncNum = 0