strScanMode=
strWave=532nm
powervalue=10
pinhole=0
grating=2-G599B750
slit=100
ExpTime=0.3
unit=nm
strCenterWave=2350.00
strStartWave=0
strEndWave=0
totalnum=1
strInterFlg=
strIntervaltime=1
intervalnum=5
haveTitle=1
dataFrom=0
laserWaveLength=532
pdX=534.111755,534.185974,534.260132,534.334290,534.408508,534.482666,534.556885,534.631042,534.705261,534.779419,534.853577,534.927795,535.001953,535.076111,535.150330,535.224487,535.298706,535.372864,535.447021,535.521240,535.595398,535.669556,535.743713,535.817932,535.892090,535.966248,536.040466,536.114624,536.188782,536.262939,536.337158,536.411316,536.485474,536.559631,536.633850,536.708008,536.782166,536.856323,536.930542,537.004700,537.078857,537.153015,537.227173,537.301331,537.375549,537.449707,537.523865,537.598022,537.672180,537.746338,537.820496,537.894714,537.968872,538.043030,538.117188,538.191345,538.265503,538.339661,538.413818,538.487976,538.562134,538.636292,538.710449,538.784607,538.858826,538.932983,539.007141,539.081299,539.155457,539.229614,539.303772,539.377930,539.452026,539.526184,539.600342,539.674500,539.748657,539.822815,539.896973,539.971130,540.045288,540.119446,540.193604,540.267761,540.341919,540.416077,540.490173,540.564331,540.638489,540.712646,540.786804,540.860962,540.935059,541.009216,541.083374,541.157532,541.231689,541.305847,541.379944,541.454102,541.528259,541.602417,541.676514,541.750671,541.824829,541.898987,541.973083,542.047241,542.121399,542.195557,542.269653,542.343811,542.417969,542.492065,542.566223,542.640381,542.714478,542.788635,542.862793,542.936890,543.011047,543.085205,543.159302,543.233459,543.307556,543.381714,543.455872,543.529968,543.604126,543.678223,543.752380,543.826477,543.900635,543.974731,544.048889,544.122986,544.197144,544.271240,544.345398,544.419495,544.493652,544.567749,544.641907,544.716003,544.790161,544.864258,544.938416,545.012512,545.086670,545.160767,545.234863,545.309021,545.383118,545.457275,545.531372,545.605469,545.679626,545.753723,545.827820,545.901978,545.976074,546.050171,546.124329,546.198425,546.272522,546.346619,546.420776,546.494873,546.568970,546.643127,546.717224,546.791321,546.865417,546.939575,547.013672,547.087769,547.161865,547.235962,547.310120,547.384216,547.458313,547.532410,547.606506,547.680603,547.754700,547.828857,547.902954,547.977051,548.051147,548.125244,548.199341,548.273438,548.347534,548.421631,548.495728,548.569885,548.643982,548.718079,548.792175,548.866272,548.940369,549.014465,549.088562,549.162659,549.236755,549.310852,549.384949,549.459045,549.533081,549.607178,549.681274,549.755371,549.829468,549.903564,549.977661,550.051758,550.125854,550.199951,550.273987,550.348083,550.422180,550.496277,550.570374,550.644470,550.718567,550.792603,550.866699,550.940796,551.014893,551.088928,551.163025,551.237122,551.311218,551.385254,551.459351,551.533447,551.607544,551.681580,551.755676,551.829773,551.903809,551.977905,552.052002,552.126038,552.200134,552.274231,552.348267,552.422363,552.496460,552.570496,552.644592,552.718628,552.792725,552.866821,552.940857,553.014954,553.088989,553.163086,553.237122,553.311218,553.385254,553.459351,553.533386,553.607483,553.681519,553.755615,553.829651,553.903748,553.977783,554.051819,554.125916,554.199951,554.274048,554.348083,554.422180,554.496216,554.570251,554.644348,554.718384,554.792419,554.866516,554.940552,555.014587,555.088684,555.162720,555.236755,555.310852,555.384888,555.458923,555.532959,555.607056,555.681091,555.755127,555.829163,555.903198,555.977295,556.051331,556.125366,556.199402,556.273438,556.347534,556.421570,556.495605,556.569641,556.643677,556.717712,556.791748,556.865784,556.939880,557.013916,557.087952,557.161987,557.236023,557.310059,557.384094,557.458130,557.532166,557.606201,557.680237,557.754272,557.828308,557.902344,557.976379,558.050415,558.124451,558.198486,558.272522,558.346497,558.420532,558.494568,558.568604,558.642639,558.716675,558.790710,558.864746,558.938721,559.012756,559.086792,559.160828,559.234863,559.308899,559.382874,559.456909,559.530945,559.604980,559.678955,559.752991,559.827026,559.901062,559.975037,560.049072,560.123108,560.197083,560.271118,560.345154,560.419128,560.493164,560.567200,560.641174,560.715210,560.789185,560.863220,560.937256,561.011230,561.085266,561.159241,561.233276,561.307251,561.381287,561.455261,561.529297,561.603271,561.677307,561.751282,561.825317,561.899292,561.973328,562.047302,562.121338,562.195313,562.269348,562.343323,562.417297,562.491333,562.565308,562.639282,562.713318,562.787292,562.861267,562.935303,563.009277,563.083252,563.157288,563.231262,563.305237,563.379272,563.453247,563.527222,563.601196,563.675232,563.749207,563.823181,563.897156,563.971130,564.045166,564.119141,564.193115,564.267090,564.341064,564.415039,564.489014,564.563049,564.637024,564.710999,564.784973,564.858948,564.932922,565.006897,565.080872,565.154846,565.228821,565.302795,565.376770,565.450745,565.524719,565.598694,565.672668,565.746643,565.820618,565.894592,565.968567,566.042542,566.116516,566.190430,566.264404,566.338379,566.412354,566.486328,566.560303,566.634277,566.708191,566.782166,566.856140,566.930115,567.004028,567.078003,567.151978,567.225952,567.299866,567.373840,567.447815,567.521790,567.595703,567.669678,567.743652,567.817566,567.891541,567.965515,568.039429,568.113403,568.187378,568.261292,568.335266,568.409180,568.483154,568.557068,568.631042,568.705017,568.778931,568.852905,568.926819,569.000793,569.074707,569.148682,569.222595,569.296509,569.370483,569.444397,569.518372,569.592285,569.666260,569.740173,569.814087,569.888062,569.961975,570.035889,570.109863,570.183777,570.257690,570.331665,570.405579,570.479492,570.553467,570.627380,570.701294,570.775208,570.849182,570.923096,570.997009,571.070923,571.144836,571.218811,571.292725,571.366638,571.440552,571.514465,571.588379,571.662292,571.736206,571.810181,571.884094,571.958008,572.031921,572.105835,572.179749,572.253662,572.327576,572.401489,572.475403,572.549316,572.623230,572.697144,572.771057,572.844971,572.918884,572.992798,573.066650,573.140564,573.214478,573.288391,573.362305,573.436218,573.510132,573.583984,573.657898,573.731812,573.805725,573.879639,573.953491,574.027405,574.101318,574.175232,574.249084,574.322998,574.396912,574.470825,574.544678,574.618591,574.692505,574.766357,574.840271,574.914185,574.988037,575.061951,575.135803,575.209717,575.283630,575.357483,575.431396,575.505249,575.579163,575.653015,575.726929,575.800781,575.874695,575.948547,576.022461,576.096313,576.170227,576.244080,576.317932,576.391846,576.465698,576.539612,576.613464,576.687317,576.761230,576.835083,576.908936,576.982849,577.056702,577.130554,577.204407,577.278320,577.352173,577.426025,577.499878,577.573792,577.647644,577.721497,577.795349,577.869202,577.943115,578.016968,578.090820,578.164673,578.238525,578.312378,578.386230,578.460083,578.533936,578.607849,578.681702,578.755554,578.829407,578.903259,580.897034,580.970825,581.044678,581.118530,581.192322,581.266174,581.339966,581.413818,581.487671,581.561462,581.635315,581.709106,581.782959,581.856750,581.930603,582.004395,582.078247,582.152039,582.225891,582.299683,582.373535,582.447327,582.521179,582.594971,582.668823,582.742615,582.816406,582.890259,582.964050,583.037842,583.111694,583.185486,583.259277,583.333130,583.406921,583.480713,583.554504,583.628357,583.702148,583.775940,583.849731,583.923584,583.997375,584.071167,584.144958,584.218750,584.292542,584.366333,584.440186,584.513977,584.587769,584.661560,584.735352,584.809143,584.882935,584.956726,585.030518,585.104309,585.178101,585.251892,585.325684,585.399475,585.473267,585.547058,585.620850,585.694641,585.768372,585.842163,585.915955,585.989746,586.063538,586.137329,586.211121,586.284851,586.358643,586.432434,586.506226,586.579956,586.653748,586.727539,586.801331,586.875061,586.948853,587.022644,587.096375,587.170166,587.243958,587.317688,587.391479,587.465210,587.539001,587.612793,587.686523,587.760315,587.834045,587.907837,587.981567,588.055359,588.129089,588.202881,588.276611,588.350403,588.424133,588.497864,588.571655,588.645386,588.719177,588.792908,588.866638,588.940430,589.014160,589.087891,589.161682,589.235413,589.309143,589.382874,589.456665,589.530396,589.604126,589.677856,589.751648,589.825378,589.899109,589.972839,590.046570,590.120300,590.194031,590.267822,590.341553,590.415283,590.489014,590.562744,590.636475,590.710205,590.783936,590.857666,590.931396,591.005127,591.078857,591.152588,591.226318,591.300049,591.373779,591.447449,591.521179,591.594910,591.668640,591.742371,591.816101,591.889832,591.963501,592.037231,592.110962,592.184692,592.258362,592.332092,592.405823,592.479553,592.553223,592.626953,592.700684,592.774353,592.848083,592.921814,592.995483,593.069214,593.142883,593.216614,593.290344,593.364014,593.437744,593.511414,593.585144,593.658813,593.732544,593.806213,593.879944,593.953613,594.027344,594.101013,594.174683,594.248413,594.322083,594.395752,594.469482,594.543152,594.616821,594.690552,594.764221,594.837891,594.911621,594.985291,595.058960,595.132629,595.206360,595.280029,595.353699,595.427368,595.501038,595.574707,595.648438,595.722107,595.795776,595.869446,595.943115,596.016785,596.090454,596.164124,596.237793,596.311462,596.385132,596.458801,596.532471,596.606140,596.679810,596.753479,596.827148,596.900818,596.974487,597.048096,597.121765,597.195435,597.269104,597.342773,597.416443,597.490051,597.563721,597.637390,597.711060,597.784668,597.858337,597.932007,598.005615,598.079285,598.152954,598.226563,598.300232,598.373901,598.447510,598.521179,598.594788,598.668457,598.742126,598.815735,598.889404,598.963013,599.036682,599.110291,599.183960,599.257568,599.331177,599.404846,599.478455,599.552124,599.625732,599.699341,599.773010,599.846619,599.920227,599.993896,600.067505,600.141113,600.214783,600.288391,600.362000,600.435608,600.509216,600.582886,600.656494,600.730103,600.803711,600.877319,600.950928,601.024597,601.098206,601.171814,601.245422,601.319031,601.392639,601.466248,601.539856,601.613464,601.687073,601.760681,601.834290,601.907898,601.981506,602.055115,602.128662,602.202271,602.275879,602.349487,602.423096,602.496704,602.570251,602.643860,602.717468,602.791077,602.864685,602.938232,603.011841,603.085449,603.158997,603.232605,603.306213,603.379761,603.453369,603.526978,603.600525,603.674133,603.747681,603.821289,603.894836,603.968445,604.041992,604.115601,604.189148,604.262756,604.336304,604.409912,604.483459,604.557068,604.630615,604.704163,604.777771,604.851318,604.924866,604.998474,605.072021,605.145569,605.219177,605.292725,605.366272,605.439819,605.513428,605.586975,605.660522,605.734070,605.807617,605.881165,605.954773,606.028320,606.101868,606.175415,606.248962,606.322510,606.396057,606.469604,606.543152,606.616699,606.690247,606.763794,606.837341,606.910889,606.984436,607.057983,607.131531,607.205017,607.278564,607.352112,607.425659,607.499207,607.572754,607.646240,607.719788,607.793335,607.866882,607.940369,608.013916,608.087463,608.160950,608.234497,608.308044,608.381531,608.455078,608.528625,608.602112,608.675659,608.749146,608.822693,608.896179,608.969727,609.043213,609.116760,609.190247,609.263794,609.337280,609.410767,609.484314,609.557800,609.631348,609.704834,609.778320,609.851868,609.925354,609.998840,610.072388,610.145874,610.219360,610.292847,610.366333,610.439880,610.513367,610.586853,610.660339,610.733826,610.807312,610.880859,610.954346,611.027832,611.101318,611.174805,611.248291,611.321777,611.395264,611.468750,611.542236,611.615723,611.689209,611.762695,611.836121,611.909607,611.983093,612.056580,612.130066,612.203552,612.277039,612.350464,612.423950,612.497437,612.570923,612.644348,612.717834,612.791321,612.864746,612.938232,613.011719,613.085144,613.158630,613.232117,613.305542,613.379028,613.452454,613.525940,613.599365,613.672852,613.746277,613.819763,613.893188,613.966675,614.040100,614.113586,614.187012,614.260437,614.333923,614.407349,614.480774,614.554260,614.627686,614.701111,614.774597,614.848022,614.921448,614.994873,615.068359,615.141785,615.215210,615.288635,615.362061,615.435486,615.508911,615.582336,615.655823,615.729248,615.802673,615.876099,615.949524,616.022949,616.096375,616.169800,616.243225,616.316650,616.390015,616.463440,616.536865,616.610291,616.683716,616.757141,616.830566,616.903931,616.977356,617.050781,617.124207,617.197571,617.270996,617.344421,617.417847,617.491211,617.564636,617.638000,617.711426,617.784851,617.858215,617.931641,618.005005,618.078430,618.151794,618.225220,618.298584,618.372009,618.445374,618.518799,618.592163,618.665588,618.738953,618.812317,618.885742,618.959106,619.032471,619.105896,619.179260,619.252625,619.326050,619.399414,619.472778,619.546143,619.619507,619.692932,619.766296,619.839661,619.913025,619.986389,620.059753,620.133118,620.206482,620.279846,620.353210,620.426575,620.499939,620.573303,620.646667,620.720032,620.793396,620.866760,620.940125,621.013489,621.086853,621.160217,621.233521,621.306885,621.380249,621.453613,621.526978,621.600281,621.673645,621.747009,621.820313,621.893677,621.967041,622.040344,622.113708,622.187073,622.260376,622.333740,622.407043,622.480408,622.553711,622.627075,622.700378,622.773743,622.847046,622.920410,622.993713,623.067078,623.140381,623.213684,623.287048,623.360352,623.433655,623.507019,623.580322,623.653625,623.726929,623.800293,623.873596,623.946899,624.020203,624.093506,624.166870,624.240173,624.313477,624.386780,624.460083,624.533386,624.606689,624.679993,624.753296,624.826599,624.899902,624.973206,625.046509,625.119812,625.193115,625.266418,625.339722,625.412964,625.486267,625.559570,625.632874,625.706177,625.779419,625.852722,625.926025,625.999329,626.072571,626.145874,626.219177,626.292419,626.365723,626.439026,626.512268,626.585571,626.658813,626.732117,626.805359,626.878662,626.951904,627.025208,627.098450,627.171753,627.244995,627.318298,627.391541,627.464783,627.538086,627.611328,627.684570,627.757874,627.831116,627.904358,627.977600,628.050903,628.124146,628.197388,628.270630,628.343872,628.417114,628.490417,628.563660,628.636902,628.710144,628.783386,628.856628,628.929871,629.003113,629.076355,629.149597,629.222839,629.296082,629.369324,629.442566,629.515747,629.588989,629.662231,629.735474,629.808716,629.881897,629.955139,630.028381,630.101624,630.174805,630.248047,630.321289,630.394470,630.467712,630.540955,630.614136,630.687378,630.760559,630.833801,630.907043,630.980225,631.053467,631.126648,631.199890,631.273071,631.346252,631.419495,631.492676,631.565918,631.639099,631.712280,631.785522,631.858704,631.931885,632.005066,632.078308,632.151489,632.224670,632.297852,632.371033,632.444275,632.517456,632.590637,632.663818,632.737000,632.810181,632.883362,632.956543,633.029724,633.102905,633.176086,633.249268,633.322449,633.395630,633.468811,633.541992,633.615173,633.688293,633.761475,633.834656,633.907837,633.981018,634.054138,634.127319,634.200500,634.273621,634.346802,634.419983,634.493103,634.566284,634.639465,634.712585,634.785767,634.858887,634.932068,635.005188,635.078369,635.151489,635.224670,635.297791,635.370972,635.444092,635.517212,635.590393,635.663513,635.736633,635.809814,635.882935,635.956055,636.029236,636.102356,636.175476,636.248596,636.321716,636.394897,636.468018,636.541138,636.614258,636.687378,636.760498,636.833618,636.906738,636.979858,637.052979,637.126099,637.199219,637.272339,637.345459,637.418579,637.491699,637.564819,637.637878,637.710999,637.784119,637.857239,637.930359,638.003418,638.076538,638.149658,638.222717,638.295837,638.368958,638.442017,638.515137,638.588257,638.661316,638.734436,638.807495,638.880615,638.953674,639.026794,639.099854,639.172974,639.246033,639.319153,639.392212,639.465271,639.538391,639.611450,639.684509,639.757629,639.830688,639.903748,639.976807,640.049927,640.122986,640.196045,640.269104,640.342163,640.415222,640.488342,640.561401,640.634460,640.707520,640.780579,640.853638,640.926697,640.999756,641.072815,641.145874,641.218872,641.291931,641.364990,641.438049,641.511108,641.584167,641.657227,641.730225,641.803284,641.876343,641.949402,642.022400,642.095459,642.168518,642.241516,642.314575,642.387573,642.460632,642.533691,642.606689,642.679749,642.752747,642.825806,642.898804,642.971863,643.044861,643.117859,643.190918,643.263916,643.336975,643.409973,643.482971,643.555969,643.629028,643.702026,643.775024,643.848022,643.921082,643.994080,644.067078,644.140076,644.213074,644.286072,644.359070,644.432068,644.505066,644.578064,644.651062,644.724060,644.797058,644.870056,644.943054,645.016052,645.089050,645.162048,645.235046,645.308044,645.380981,645.453979,645.526978,645.599976,645.672913,645.745911,645.818909,645.891846,645.964844,646.037842,646.110779,646.183777,646.256714,646.329712,646.402710,646.475647,646.548645,646.621582,646.694519,646.767517,646.840454,646.913452,646.986389,647.059326,647.132324,647.205261,647.278198,647.351196,647.424133,647.497070,647.570007,647.642944,647.715942,647.788879,647.861816,647.934753,648.007690,648.080627,648.153564,648.226501,648.299438,648.372375,648.445313,648.518250,648.591187,648.664124,648.737061,648.809998,648.882935,648.955811,649.028748,649.101685,649.174622,649.247498,649.320435,649.393372,649.466309,649.539185,649.612122,649.684998,649.757935,649.830872,649.903748,649.976685,650.049561,650.122498,650.195374,650.268311,650.341187,650.414124,650.487000,650.559875,650.632813,650.705688,650.778564,650.851501,650.924377,650.997253,651.070129,651.143066,651.215942,651.288818,651.361694,651.434570,651.507446,651.580383,651.653259,651.726135,651.799011,651.871887,651.944763,652.017639,652.090515,652.163391,652.236206,652.309082,652.381958,652.454834,652.527710,652.600586,652.673462,652.746277,652.819153,652.892029,652.964844,653.037720,653.110596,653.183411,653.256287,653.329163,653.401978,653.474854,653.547668,653.620544,653.693359,653.766235,653.839050,653.911926,653.984741,654.057617,654.130432,654.203247,654.276123,654.348938,654.421753,654.494568,654.567444,654.640259,654.713074,654.785889,654.858765,654.931580,655.004395,655.077209,655.150024,655.222839,655.295654,655.368469,655.441284,655.514099,655.586914,655.659729,655.732544,655.805359,655.878174,655.950928,656.023743,656.096558,656.169373,656.242188,656.314941,656.387756,656.460571,656.533386,656.606140,656.678955,656.751709,656.824524,656.897339,656.970093,657.042908,657.115662,657.188477,657.261230,657.334045,657.406799,657.479553,657.552368,657.625122,657.697937,657.770691,657.843445,657.916260,657.989014,658.061768,658.134521,658.207275,658.280090,658.352844,658.425598,658.498352,658.571106,658.643860,658.716614,658.789368,658.862122,658.934875,659.007629,659.080383,659.153137,659.225891,659.298645,659.371399,659.444153,659.516846,659.589600,659.662354,659.735107,659.807800,659.880554,659.953308,660.026001,660.098755,660.171509,660.244202,660.316956,660.389648,660.462402,660.535095,660.607849,660.680542,660.753296,660.825989,660.898743,660.971436,661.044128,661.116882,661.189575,661.262268,661.335022,661.407715,661.480408,661.553101,661.625854,661.698547,661.771240,661.843933,661.916626,661.989319,662.062012,662.134705,662.207397,662.280090,662.352783,662.425476,662.498169,662.570862,662.643555,662.716248,662.788940,662.861572,662.934265,663.006958,663.079651,663.152283,663.224976,663.297668,663.370361,663.442993,663.515686,663.588318,663.661011,663.733704,663.806335,663.879028,663.951660,664.024353,664.096985,664.169617,664.242310,664.314941,664.387634,664.460266,664.532898,664.605530,664.678223,664.750854,664.823486,664.896118,664.968811,665.041443,665.114075,665.186707,665.259338,665.331970,665.404602,665.477234,665.549866,665.622498,665.695129,665.767761,665.840393,665.913025,665.985657,666.058289,666.130920,666.203491,666.276123,666.348755,666.421387,666.493958,666.566589,666.639221,666.711792,666.784424,666.857056,666.929626,667.002258,667.074829,667.147461,667.220032,667.292664,667.365234,667.437866,667.510437,667.583008,667.655640,667.728210,667.800781,667.873413,667.945984,668.018555,668.091125,668.163757,668.236328,668.308899,668.381470,668.454041,668.526611,668.599182,668.671753,668.744324,668.816895,668.889465,668.962036,669.034607,669.107178,669.179749,669.252319,669.324890,669.397461,669.469971,669.542542,669.615112,669.687683,669.760193,669.832764,669.905334,669.977844,670.050415,670.122986,670.195496,670.268066,670.340576,670.413147,670.485657,670.558228,670.630737,670.703308,670.775818,670.848328,670.920898,670.993408,671.065918,671.138489,671.210999,671.283508,671.356018,671.428528,671.501099,671.573608,671.646118,671.718628,671.791138,671.863647,671.936157,672.008667,672.081177,672.153687,672.226196,672.298706,672.371216,672.443726,672.516174,672.588684,672.661194,672.733704,672.806213,672.878662,672.951172,673.023682,673.096130,673.168640,673.241150,673.313599,673.386108,673.458557,673.531067,673.603516,673.676025,673.748474,673.820984,673.893433,673.965881,674.038391,674.110840,674.183289,674.255798,674.328247,674.400696,674.473145,674.545654,674.618103,674.690552,674.763000,674.835449,674.907898,674.980347,675.052795,675.125244,675.197693,675.270142,675.342590,675.415039,675.487488,675.559937,675.632385,675.704834,675.777222,675.849670,675.922119,675.994568,676.066956,676.139404,676.211853,676.284241,676.356689,676.429077,676.501526,676.573975,676.646362,676.718811,676.791199,676.863647,676.936035,677.008423,677.080872,677.153259,677.225647,677.298096,677.370483,677.442871,677.515259,677.587708,677.660095,677.732483,677.804871,677.877258,677.949646,678.022034,678.094421,678.166870,678.239258,678.311584,678.383972,678.456360,678.528748,678.601135,678.673523,678.745911,678.818298,678.890625,678.963013,679.035400,679.107788,679.180115,679.252502,679.324890,679.397217,679.469604,679.541931,679.614319,679.686646,679.759033,679.831360,679.903748,679.976074,680.048462,680.120789,680.193115,680.265503,680.337830,680.410156,680.482544,680.554871,680.627197,680.699524,680.771851,680.844238,680.916565
pdY=585.000000,586.000000,586.000000,578.000000,566.000000,572.000000,568.000000,584.000000,569.000000,590.000000,577.000000,572.000000,575.000000,576.000000,572.000000,574.000000,579.000000,579.000000,567.000000,572.000000,573.000000,566.000000,582.000000,585.000000,573.000000,578.000000,574.000000,579.000000,573.000000,569.000000,587.000000,572.000000,584.000000,555.000000,586.000000,585.000000,594.000000,565.000000,572.000000,570.000000,581.000000,570.000000,574.000000,567.000000,570.000000,571.000000,582.000000,578.000000,563.000000,568.000000,584.000000,582.000000,561.000000,579.000000,578.000000,588.000000,576.000000,587.000000,564.000000,583.000000,562.000000,577.000000,574.000000,572.000000,580.000000,579.000000,576.000000,583.000000,586.000000,575.000000,568.000000,590.000000,583.000000,578.000000,576.000000,573.000000,576.000000,586.000000,586.000000,577.000000,573.000000,561.000000,583.000000,586.000000,578.000000,581.000000,577.000000,574.000000,571.000000,582.000000,585.000000,589.000000,576.000000,583.000000,595.000000,578.000000,577.000000,581.000000,572.000000,579.000000,574.000000,586.000000,580.000000,574.000000,578.000000,579.000000,578.000000,578.000000,578.000000,580.000000,579.000000,590.000000,576.000000,582.000000,590.000000,575.000000,565.000000,581.000000,584.000000,576.000000,586.000000,577.000000,582.000000,578.000000,567.000000,592.000000,573.000000,581.000000,564.000000,577.000000,580.000000,570.000000,585.000000,583.000000,573.000000,565.000000,577.000000,586.000000,572.000000,575.000000,568.000000,581.000000,583.000000,579.000000,579.000000,587.000000,567.000000,577.000000,570.000000,585.000000,580.000000,562.000000,574.000000,573.000000,581.000000,577.000000,583.000000,577.000000,579.000000,576.000000,578.000000,570.000000,583.000000,574.000000,584.000000,577.000000,563.000000,579.000000,574.000000,575.000000,573.000000,583.000000,577.000000,581.000000,567.000000,575.000000,576.000000,577.000000,573.000000,576.000000,572.000000,582.000000,575.000000,581.000000,569.000000,590.000000,578.000000,578.000000,574.000000,582.000000,570.000000,584.000000,569.000000,581.000000,575.000000,578.000000,587.000000,578.000000,590.000000,577.000000,590.000000,577.000000,573.000000,575.000000,567.000000,571.000000,587.000000,575.000000,584.000000,574.000000,586.000000,566.000000,574.000000,575.000000,582.000000,563.000000,584.000000,569.000000,575.000000,574.000000,574.000000,575.000000,567.000000,573.000000,579.000000,576.000000,576.000000,576.000000,582.000000,587.000000,567.000000,570.000000,582.000000,587.000000,580.000000,587.000000,582.000000,568.000000,585.000000,562.000000,577.000000,584.000000,581.000000,574.000000,574.000000,578.000000,580.000000,576.000000,560.000000,577.000000,583.000000,569.000000,588.000000,580.000000,587.000000,571.000000,578.000000,584.000000,566.000000,572.000000,580.000000,578.000000,568.000000,579.000000,572.000000,572.000000,584.000000,567.000000,576.000000,570.000000,580.000000,579.000000,580.000000,582.000000,579.000000,578.000000,573.000000,573.000000,577.000000,578.000000,572.000000,579.000000,567.000000,580.000000,584.000000,575.000000,572.000000,584.000000,578.000000,571.000000,581.000000,578.000000,567.000000,585.000000,568.000000,574.000000,569.000000,581.000000,569.000000,588.000000,567.000000,565.000000,569.000000,577.000000,573.000000,572.000000,568.000000,575.000000,577.000000,578.000000,569.000000,567.000000,560.000000,583.000000,573.000000,580.000000,573.000000,579.000000,579.000000,574.000000,571.000000,581.000000,574.000000,583.000000,581.000000,570.000000,568.000000,571.000000,569.000000,567.000000,576.000000,583.000000,579.000000,577.000000,570.000000,593.000000,572.000000,576.000000,584.000000,574.000000,580.000000,581.000000,573.000000,576.000000,582.000000,572.000000,578.000000,576.000000,579.000000,585.000000,588.000000,572.000000,573.000000,579.000000,578.000000,591.000000,579.000000,578.000000,576.000000,574.000000,584.000000,579.000000,564.000000,578.000000,569.000000,579.000000,574.000000,590.000000,571.000000,573.000000,568.000000,589.000000,585.000000,577.000000,583.000000,574.000000,581.000000,571.000000,575.000000,584.000000,580.000000,573.000000,575.000000,584.000000,581.000000,571.000000,576.000000,573.000000,582.000000,580.000000,571.000000,585.000000,567.000000,578.000000,579.000000,578.000000,576.000000,573.000000,578.000000,590.000000,565.000000,571.000000,587.000000,579.000000,572.000000,574.000000,582.000000,583.000000,573.000000,576.000000,580.000000,571.000000,573.000000,573.000000,564.000000,575.000000,580.000000,544.000000,588.000000,571.000000,575.000000,571.000000,574.000000,571.000000,577.000000,582.000000,591.000000,565.000000,582.000000,576.000000,570.000000,583.000000,573.000000,571.000000,578.000000,569.000000,577.000000,576.000000,574.000000,562.000000,580.000000,581.000000,573.000000,581.000000,568.000000,569.000000,573.000000,575.000000,582.000000,581.000000,567.000000,582.000000,578.000000,577.000000,561.000000,579.000000,576.000000,580.000000,564.000000,580.000000,570.000000,580.000000,566.000000,585.000000,569.000000,581.000000,592.000000,582.000000,581.000000,574.000000,586.000000,585.000000,566.000000,580.000000,577.000000,572.000000,590.000000,582.000000,576.000000,587.000000,583.000000,580.000000,587.000000,570.000000,572.000000,579.000000,584.000000,586.000000,571.000000,583.000000,573.000000,574.000000,587.000000,582.000000,570.000000,575.000000,582.000000,584.000000,576.000000,573.000000,578.000000,579.000000,572.000000,567.000000,583.000000,570.000000,583.000000,585.000000,575.000000,584.000000,575.000000,578.000000,581.000000,573.000000,578.000000,574.000000,583.000000,567.000000,590.000000,565.000000,580.000000,578.000000,582.000000,569.000000,579.000000,588.000000,591.000000,578.000000,586.000000,566.000000,582.000000,563.000000,590.000000,585.000000,576.000000,579.000000,590.000000,589.000000,573.000000,576.000000,577.000000,597.000000,571.000000,582.000000,559.000000,579.000000,579.000000,589.000000,595.000000,582.000000,571.000000,585.000000,579.000000,574.000000,587.000000,566.000000,592.000000,580.000000,582.000000,571.000000,585.000000,579.000000,578.000000,588.000000,584.000000,573.000000,585.000000,577.000000,589.000000,588.000000,586.000000,581.000000,587.000000,588.000000,579.000000,604.000000,597.000000,582.000000,570.000000,584.000000,585.000000,587.000000,590.000000,577.000000,586.000000,587.000000,567.000000,583.000000,584.000000,574.000000,579.000000,584.000000,583.000000,589.000000,607.000000,588.000000,593.000000,592.000000,596.000000,593.000000,593.000000,594.000000,603.000000,617.000000,643.000000,677.000000,607.000000,608.000000,589.000000,584.000000,592.000000,578.000000,585.000000,577.000000,589.000000,589.000000,595.000000,587.000000,607.000000,610.000000,587.000000,595.000000,588.000000,600.000000,593.000000,604.000000,591.000000,590.000000,602.000000,607.000000,607.000000,591.000000,598.000000,605.000000,591.000000,598.000000,602.000000,597.000000,605.000000,589.000000,603.000000,586.000000,594.000000,586.000000,597.000000,588.000000,595.000000,601.000000,592.000000,592.000000,596.000000,588.000000,593.000000,606.000000,593.000000,598.000000,596.000000,588.000000,603.000000,608.000000,584.000000,584.000000,586.000000,596.000000,586.000000,592.000000,593.000000,577.000000,607.000000,596.000000,595.000000,578.000000,585.000000,581.000000,594.000000,584.000000,582.000000,590.000000,600.000000,602.000000,592.000000,601.000000,593.000000,593.000000,595.000000,587.000000,584.000000,608.000000,588.000000,597.000000,589.000000,588.000000,581.000000,587.000000,595.000000,574.000000,594.000000,612.000000,608.000000,584.000000,586.000000,577.000000,593.000000,593.000000,601.000000,589.000000,600.000000,591.000000,602.000000,590.000000,591.000000,590.000000,585.000000,598.000000,596.000000,591.000000,584.000000,596.000000,587.000000,593.000000,588.000000,586.000000,602.000000,589.000000,590.000000,600.000000,582.000000,596.000000,592.000000,591.000000,597.000000,593.000000,595.000000,604.000000,591.000000,598.000000,591.000000,590.000000,581.000000,587.000000,580.000000,593.000000,594.000000,581.000000,601.000000,599.000000,597.000000,587.000000,595.000000,586.000000,594.000000,568.000000,586.000000,586.000000,578.000000,589.000000,592.000000,604.000000,590.000000,586.000000,605.000000,586.000000,583.000000,600.000000,602.000000,599.000000,599.000000,585.000000,586.000000,589.000000,586.000000,591.000000,594.000000,585.000000,582.000000,592.000000,590.000000,586.000000,585.000000,588.000000,591.000000,598.000000,591.000000,599.000000,591.000000,595.000000,588.000000,596.000000,595.000000,602.000000,592.000000,594.000000,601.000000,591.000000,593.000000,594.000000,586.000000,593.000000,596.000000,588.000000,586.000000,588.000000,594.000000,583.000000,594.000000,602.000000,595.000000,596.000000,586.000000,583.000000,580.000000,595.000000,592.000000,601.000000,578.000000,573.000000,594.000000,580.000000,600.000000,590.000000,603.000000,588.000000,603.000000,592.000000,585.000000,593.000000,592.000000,585.000000,571.000000,587.000000,603.000000,594.000000,600.000000,596.000000,607.000000,586.000000,584.000000,596.000000,568.000000,587.000000,583.000000,596.000000,598.000000,591.000000,587.000000,603.000000,597.000000,596.000000,587.000000,581.000000,589.000000,590.000000,589.000000,600.000000,581.000000,584.000000,602.000000,587.000000,586.000000,590.000000,581.000000,593.000000,586.000000,586.000000,584.000000,600.000000,595.000000,596.000000,587.000000,584.000000,604.000000,590.000000,589.000000,594.000000,595.000000,611.000000,592.000000,599.000000,592.000000,585.000000,592.000000,588.000000,606.000000,596.000000,602.000000,592.000000,597.000000,589.000000,593.000000,586.000000,585.000000,594.000000,588.000000,595.000000,588.000000,587.000000,590.000000,579.000000,603.000000,600.000000,601.000000,593.000000,609.000000,595.000000,583.000000,598.000000,596.000000,583.000000,584.000000,586.000000,589.000000,598.000000,605.000000,593.000000,604.000000,590.000000,601.000000,604.000000,586.000000,599.000000,579.000000,595.000000,570.000000,596.000000,598.000000,601.000000,578.000000,594.000000,599.000000,578.000000,593.000000,585.000000,585.000000,593.000000,597.000000,588.000000,590.000000,595.000000,593.000000,595.000000,589.000000,591.000000,585.000000,588.000000,585.000000,594.000000,596.000000,602.000000,586.000000,591.000000,589.000000,588.000000,606.000000,592.000000,600.000000,587.000000,592.000000,585.000000,597.000000,588.000000,598.000000,599.000000,600.000000,591.000000,587.000000,589.000000,595.000000,592.000000,595.000000,611.000000,598.000000,595.000000,595.000000,595.000000,594.000000,582.000000,581.000000,587.000000,599.000000,589.000000,593.000000,592.000000,596.000000,590.000000,587.000000,578.000000,589.000000,598.000000,595.000000,606.000000,577.000000,580.000000,590.000000,594.000000,582.000000,579.000000,587.000000,596.000000,592.000000,594.000000,591.000000,600.000000,594.000000,581.000000,593.000000,606.000000,598.000000,603.000000,583.000000,603.000000,585.000000,592.000000,596.000000,603.000000,570.000000,596.000000,595.000000,609.000000,596.000000,588.000000,584.000000,601.000000,598.000000,588.000000,595.000000,593.000000,604.000000,596.000000,596.000000,587.000000,585.000000,585.000000,604.000000,589.000000,593.000000,580.000000,602.000000,588.000000,592.000000,591.000000,590.000000,587.000000,589.000000,586.000000,593.000000,593.000000,578.000000,596.000000,592.000000,588.000000,578.000000,587.000000,591.000000,593.000000,588.000000,594.000000,597.000000,590.000000,582.000000,592.000000,588.000000,610.000000,600.000000,597.000000,602.000000,595.000000,594.000000,583.000000,602.000000,592.000000,590.000000,594.000000,579.000000,589.000000,594.000000,590.000000,588.000000,583.000000,602.000000,604.000000,596.000000,596.000000,580.000000,590.000000,598.000000,597.000000,577.000000,597.000000,585.000000,586.000000,592.000000,585.000000,603.000000,587.000000,572.000000,581.000000,590.000000,598.000000,585.000000,594.000000,606.000000,590.000000,586.000000,597.000000,594.000000,596.000000,595.000000,589.000000,598.000000,598.000000,578.000000,592.000000,590.000000,600.000000,588.000000,595.000000,591.000000,597.000000,595.000000,596.000000,575.000000,612.000000,594.000000,608.000000,600.000000,581.000000,594.000000,582.000000,588.000000,594.000000,600.000000,598.000000,600.000000,588.000000,588.000000,596.000000,608.000000,592.000000,597.000000,602.000000,599.000000,597.000000,588.000000,587.000000,593.000000,595.000000,594.000000,595.000000,598.000000,585.000000,592.000000,594.000000,599.000000,592.000000,598.000000,600.000000,599.000000,586.000000,589.000000,596.000000,597.000000,593.000000,593.000000,584.000000,592.000000,601.000000,582.000000,581.000000,599.000000,599.000000,585.000000,608.000000,589.000000,575.000000,592.000000,609.000000,596.000000,578.000000,605.000000,601.000000,581.000000,593.000000,589.000000,592.000000,592.000000,592.000000,579.000000,612.000000,592.000000,603.000000,598.000000,588.000000,587.000000,594.000000,602.000000,599.000000,594.000000,597.000000,601.000000,576.000000,595.000000,584.000000,589.000000,591.000000,590.000000,587.000000,605.000000,599.000000,601.000000,590.000000,584.000000,580.000000,596.000000,582.000000,586.000000,600.000000,594.000000,588.000000,603.000000,592.000000,600.000000,598.000000,601.000000,595.000000,602.000000,589.000000,586.000000,593.000000,594.000000,585.000000,599.000000,593.000000,597.000000,589.000000,582.000000,594.000000,604.000000,587.000000,603.000000,596.000000,594.000000,585.000000,594.000000,587.000000,591.000000,597.000000,600.000000,588.000000,594.000000,590.000000,587.000000,601.000000,588.000000,582.000000,584.000000,596.000000,592.000000,594.000000,588.000000,604.000000,588.000000,590.000000,590.000000,590.000000,577.000000,597.000000,584.000000,596.000000,591.000000,582.000000,589.000000,605.000000,578.000000,591.000000,577.000000,598.000000,598.000000,593.000000,593.000000,596.000000,590.000000,592.000000,590.000000,593.000000,591.000000,601.000000,591.000000,587.000000,594.000000,586.000000,583.000000,591.000000,590.000000,602.000000,591.000000,580.000000,596.000000,591.000000,602.000000,593.000000,581.000000,596.000000,595.000000,594.000000,586.000000,580.000000,587.000000,591.000000,595.000000,600.000000,600.000000,599.000000,596.000000,594.000000,590.000000,587.000000,588.000000,582.000000,601.000000,574.000000,584.000000,602.000000,591.000000,596.000000,581.000000,605.000000,608.000000,616.000000,594.000000,581.000000,591.000000,597.000000,586.000000,599.000000,590.000000,578.000000,580.000000,596.000000,594.000000,590.000000,605.000000,586.000000,594.000000,592.000000,593.000000,602.000000,600.000000,607.000000,582.000000,593.000000,594.000000,604.000000,604.000000,594.000000,589.000000,589.000000,579.000000,586.000000,586.000000,594.000000,589.000000,600.000000,597.000000,596.000000,593.000000,580.000000,589.000000,589.000000,594.000000,602.000000,603.000000,598.000000,593.000000,584.000000,600.000000,581.000000,590.000000,590.000000,584.000000,596.000000,596.000000,603.000000,584.000000,593.000000,590.000000,595.000000,592.000000,590.000000,593.000000,588.000000,585.000000,594.000000,588.000000,599.000000,576.000000,603.000000,589.000000,585.000000,592.000000,588.000000,598.000000,589.000000,581.000000,585.000000,596.000000,604.000000,601.000000,584.000000,585.000000,589.000000,587.000000,590.000000,588.000000,577.000000,597.000000,611.000000,603.000000,598.000000,598.000000,590.000000,592.000000,585.000000,578.000000,580.000000,598.000000,587.000000,598.000000,588.000000,589.000000,592.000000,588.000000,591.000000,594.000000,605.000000,592.000000,595.000000,591.000000,595.000000,578.000000,605.000000,582.000000,579.000000,595.000000,598.000000,595.000000,599.000000,591.000000,592.000000,598.000000,590.000000,587.000000,611.000000,592.000000,591.000000,591.000000,584.000000,583.000000,613.000000,596.000000,599.000000,591.000000,598.000000,577.000000,594.000000,584.000000,582.000000,588.000000,581.000000,589.000000,592.000000,591.000000,582.000000,588.000000,604.000000,605.000000,588.000000,578.000000,594.000000,583.000000,597.000000,592.000000,585.000000,589.000000,573.000000,589.000000,591.000000,602.000000,586.000000,590.000000,592.000000,583.000000,593.000000,600.000000,589.000000,591.000000,595.000000,585.000000,597.000000,587.000000,589.000000,586.000000,597.000000,582.000000,594.000000,589.000000,591.000000,590.000000,587.000000,594.000000,599.000000,577.000000,583.000000,592.000000,602.000000,595.000000,596.000000,589.000000,588.000000,584.000000,605.000000,595.000000,585.000000,590.000000,594.000000,591.000000,588.000000,593.000000,589.000000,585.000000,598.000000,578.000000,583.000000,582.000000,598.000000,591.000000,586.000000,590.000000,584.000000,586.000000,584.000000,604.000000,580.000000,584.000000,581.000000,585.000000,594.000000,586.000000,587.000000,606.000000,591.000000,589.000000,587.000000,586.000000,591.000000,591.000000,583.000000,578.000000,571.000000,580.000000,586.000000,590.000000,598.000000,584.000000,592.000000,589.000000,577.000000,591.000000,588.000000,604.000000,597.000000,603.000000,586.000000,592.000000,590.000000,591.000000,587.000000,582.000000,591.000000,592.000000,596.000000,600.000000,587.000000,602.000000,598.000000,584.000000,597.000000,582.000000,583.000000,594.000000,586.000000,587.000000,595.000000,585.000000,599.000000,597.000000,588.000000,591.000000,591.000000,591.000000,599.000000,596.000000,591.000000,592.000000,587.000000,597.000000,583.000000,596.000000,587.000000,582.000000,597.000000,585.000000,591.000000,586.000000,586.000000,597.000000,589.000000,593.000000,589.000000,595.000000,577.000000,592.000000,579.000000,603.000000,592.000000,584.000000,603.000000,582.000000,597.000000,588.000000,586.000000,583.000000,583.000000,588.000000,577.000000,590.000000,587.000000,585.000000,591.000000,593.000000,591.000000,587.000000,601.000000,589.000000,595.000000,585.000000,587.000000,596.000000,591.000000,590.000000,591.000000,592.000000,614.000000,586.000000,586.000000,588.000000,596.000000,580.000000,591.000000,586.000000,585.000000,596.000000,595.000000,604.000000,581.000000,581.000000,569.000000,585.000000,591.000000,598.000000,575.000000,603.000000,588.000000,597.000000,584.000000,590.000000,584.000000,593.000000,587.000000,580.000000,587.000000,594.000000,593.000000,596.000000,588.000000,593.000000,580.000000,585.000000,586.000000,587.000000,585.000000,591.000000,583.000000,593.000000,585.000000,591.000000,579.000000,595.000000,594.000000,588.000000,575.000000,592.000000,595.000000,590.000000,593.000000,598.000000,594.000000,593.000000,584.000000,593.000000,597.000000,592.000000,582.000000,594.000000,592.000000,591.000000,588.000000,590.000000,598.000000,591.000000,576.000000,593.000000,590.000000,574.000000,598.000000,597.000000,585.000000,589.000000,589.000000,583.000000,599.000000,604.000000,587.000000,589.000000,595.000000,586.000000,594.000000,589.000000,584.000000,597.000000,590.000000,593.000000,585.000000,589.000000,599.000000,603.000000,582.000000,583.000000,588.000000,583.000000,587.000000,590.000000,584.000000,595.000000,584.000000,587.000000,582.000000,594.000000,601.000000,604.000000,599.000000,586.000000,593.000000,584.000000,599.000000,588.000000,592.000000,588.000000,597.000000,583.000000,592.000000,593.000000,588.000000,586.000000,584.000000,586.000000,596.000000,584.000000,593.000000,583.000000,592.000000,580.000000,601.000000,606.000000,586.000000,579.000000,596.000000,583.000000,588.000000,590.000000,589.000000,593.000000,583.000000,573.000000,593.000000,593.000000,586.000000,582.000000,594.000000,583.000000,586.000000,581.000000,589.000000,599.000000,591.000000,579.000000,603.000000,587.000000,597.000000,579.000000,599.000000,578.000000,575.000000,584.000000,579.000000,584.000000,601.000000,599.000000,595.000000,595.000000,585.000000,590.000000,592.000000,577.000000,603.000000,580.000000,588.000000,586.000000,597.000000,584.000000,593.000000,577.000000,594.000000,589.000000,591.000000,570.000000,582.000000,576.000000,593.000000,580.000000,592.000000,602.000000,586.000000,605.000000,599.000000,594.000000,578.000000,579.000000,590.000000,584.000000,576.000000,581.000000,580.000000,586.000000,603.000000,590.000000,597.000000,591.000000,599.000000,580.000000,579.000000,584.000000,573.000000,589.000000,593.000000,594.000000,584.000000,577.000000,588.000000,586.000000,598.000000,584.000000,587.000000,589.000000,579.000000,587.000000,583.000000,588.000000,589.000000,591.000000,583.000000,590.000000,595.000000,589.000000,589.000000,581.000000,597.000000,590.000000,584.000000,580.000000,586.000000,598.000000,591.000000,586.000000,583.000000,588.000000,592.000000,598.000000,581.000000,589.000000,596.000000,581.000000,588.000000,598.000000,591.000000,609.000000,579.000000,577.000000,581.000000,594.000000,585.000000,596.000000,597.000000,581.000000,597.000000,579.000000,596.000000,583.000000,592.000000,593.000000,590.000000,594.000000,575.000000,593.000000,588.000000,583.000000,585.000000,590.000000,584.000000,580.000000,585.000000,594.000000,567.000000,606.000000,600.000000,575.000000,588.000000,577.000000,592.000000,599.000000,580.000000,592.000000,567.000000,602.000000,590.000000,588.000000,579.000000,587.000000,582.000000,585.000000,592.000000,602.000000,593.000000,586.000000,571.000000,588.000000,595.000000,595.000000,586.000000,591.000000,593.000000,587.000000,572.000000,583.000000,596.000000,586.000000,606.000000,587.000000,595.000000,587.000000,586.000000,564.000000,587.000000,598.000000,598.000000

