strScanMode=
strWave=532nm
powervalue=10
pinhole=0
grating=2-G599B750
slit=100
ExpTime=0.3
unit=cm-1
strCenterWave=1500
strStartWave=0
strEndWave=0
totalnum=1
strInterFlg=
strIntervaltime=1
intervalnum=5
haveTitle=1
dataFrom=0
laserWaveLength=532
pdX=503.953827,504.028259,504.102722,504.177155,504.251587,504.326050,504.400482,504.474945,504.549377,504.623810,504.698273,504.772705,504.847137,504.921600,504.996033,505.070465,505.144897,505.219360,505.293793,505.368225,505.442657,505.517120,505.591553,505.665985,505.740417,505.814850,505.889313,505.963745,506.038177,506.112610,506.187042,506.261475,506.335907,506.410339,506.484772,506.559204,506.633636,506.708069,506.782501,506.856934,506.931366,507.005798,507.080231,507.154663,507.229095,507.303528,507.377960,507.452393,507.526825,507.601257,507.675690,507.750092,507.824524,507.898956,507.973389,508.047821,508.122253,508.196655,508.271088,508.345520,508.419952,508.494354,508.568787,508.643219,508.717621,508.792053,508.866486,508.940887,509.015320,509.089752,509.164154,509.238586,509.312988,509.387421,509.461853,509.536255,509.610687,509.685089,509.759521,509.833923,509.908356,509.982758,510.057190,510.131592,510.206024,510.280426,510.354828,510.429260,510.503662,510.578094,510.652496,510.726898,510.801331,510.875732,510.950134,511.024536,511.098969,511.173370,511.247772,511.322205,511.396606,511.471008,511.545410,511.619812,511.694214,511.768646,511.843048,511.917450,511.991852,512.066284,512.140686,512.215088,512.289490,512.363892,512.438293,512.512695,512.587097,512.661499,512.735901,512.810303,512.884705,512.959106,513.033508,513.107910,513.182312,513.256714,513.331055,513.405457,513.479858,513.554260,513.628662,513.703064,513.777466,513.851868,513.926270,514.000671,514.075012,514.149414,514.223816,514.298218,514.372620,514.447021,514.521423,514.595764,514.670166,514.744568,514.818970,514.893372,514.967712,515.042114,515.116516,515.190918,515.265259,515.339661,515.414063,515.488464,515.562805,515.637207,515.711609,515.786011,515.860352,515.934753,516.009155,516.083496,516.157898,516.232300,516.306641,516.381042,516.455444,516.529785,516.604187,516.678528,516.752930,516.827332,516.901672,516.976074,517.050415,517.124817,517.199219,517.273560,517.347961,517.422302,517.496704,517.571045,517.645447,517.719788,517.794189,517.868530,517.942932,518.017273,518.091675,518.166016,518.240417,518.314758,518.389160,518.463501,518.537903,518.612244,518.686646,518.760986,518.835327,518.909729,518.984070,519.058472,519.132813,519.207153,519.281555,519.355896,519.430237,519.504639,519.578979,519.653320,519.727722,519.802063,519.876404,519.950806,520.025146,520.099487,520.173828,520.248230,520.322571,520.396912,520.471252,520.545654,520.619995,520.694336,520.768677,520.843079,520.917419,520.991760,521.066101,521.140442,521.214783,521.289185,521.363525,521.437866,521.512207,521.586548,521.660889,521.735229,521.809570,521.883972,521.958313,522.032654,522.106995,522.181335,522.255676,522.330017,522.404358,522.478699,522.553040,522.627380,522.701721,522.776062,522.850403,522.924744,522.999084,523.073425,523.147766,523.222107,523.296448,523.370789,523.445129,523.519470,523.593811,523.668091,523.742432,523.816772,523.891113,523.965454,524.039795,524.114136,524.188477,524.262756,524.337097,524.411438,524.485779,524.560120,524.634399,524.708740,524.783081,524.857422,524.931763,525.006042,525.080383,525.154724,525.229065,525.303345,525.377686,525.452026,525.526306,525.600647,525.674988,525.749268,525.823608,525.897949,525.972229,526.046570,526.120911,526.195190,526.269531,526.343872,526.418152,526.492493,526.566772,526.641113,526.715393,526.789734,526.864075,526.938354,527.012695,527.086975,527.161316,527.235596,527.309937,527.384216,527.458557,527.532837,527.607178,527.681458,527.755737,527.830078,527.904358,527.978699,528.052979,528.127319,528.201599,528.275879,528.350220,528.424500,528.498779,528.573120,528.647400,528.721680,528.796021,528.870300,528.944580,529.018921,529.093201,529.167480,529.241821,529.316101,529.390381,529.464661,529.539001,529.613281,529.687561,529.761841,529.836121,529.910461,529.984741,530.059021,530.133301,530.207581,530.281921,530.356201,530.430481,530.504761,530.579041,530.653320,530.727600,530.801880,530.876160,530.950439,531.024780,531.099060,531.173340,531.247620,531.321899,531.396179,531.470459,531.544739,531.619019,531.693298,531.767578,531.841858,531.916138,531.990417,532.064636,532.138916,532.213196,532.287476,532.361755,532.436035,532.510315,532.584595,532.658875,532.733093,532.807373,532.881653,532.955933,533.030212,533.104492,533.178711,533.252991,533.327271,533.401550,533.475830,533.550049,533.624329,533.698608,533.772827,533.847107,533.921387,533.995667,534.069885,534.144165,534.218445,534.292664,534.366943,534.441223,534.515442,534.589722,534.663940,534.738220,534.812500,534.886719,534.960999,535.035217,535.109497,535.183716,535.257996,535.332275,535.406494,535.480774,535.554993,535.629272,535.703491,535.777771,535.851990,535.926208,536.000488,536.074707,536.148987,536.223206,536.297485,536.371704,536.445923,536.520203,536.594421,536.668640,536.742920,536.817139,536.891357,536.965637,537.039856,537.114075,537.188354,537.262573,537.336792,537.411011,537.485291,537.559509,537.633728,537.707947,537.782227,537.856445,537.930664,538.004883,538.079102,538.153381,538.227600,538.301819,538.376038,538.450256,538.524475,538.598694,538.672913,538.747131,538.821411,538.895630,538.969849,539.044067,539.118286,539.192505,539.266724,539.340942,539.415161,539.489380,539.563599,539.637817,539.712036,539.786255,539.860474,539.934631,540.008850,540.083069,540.157288,540.231506,540.305725,540.379944,540.454163,540.528381,540.602539,540.676758,540.750977,540.825195,540.899414,540.973572,541.047791,541.122009,541.196228,541.270386,541.344604,541.418823,541.493042,541.567200,541.641418,541.715637,541.789795,541.864014,541.938232,542.012390,542.086609,542.160828,542.234985,542.309204,542.383362,542.457581,542.531738,542.605957,542.680176,542.754333,542.828552,542.902710,542.976929,543.051086,543.125305,543.199463,543.273682,543.347839,543.422058,543.496216,543.570374,543.644592,543.718750,543.792969,543.867126,543.941284,544.015503,544.089661,544.163818,544.238037,544.312195,544.386353,544.460571,544.534729,544.608887,544.683044,544.757263,544.831421,544.905579,544.979736,545.053955,545.128113,545.202271,545.276428,545.350586,545.424805,545.498962,545.573120,545.647278,545.721436,545.795593,545.869751,545.943909,546.018066,546.092224,546.166443,546.240601,546.314758,546.388916,546.463074,546.537231,546.611389,546.685547,546.759705,546.833862,546.907959,546.982117,547.056274,547.130432,547.204590,547.278748,547.352905,547.427063,547.501221,547.575378,547.649475,547.723633,547.797791,547.871948,547.946106,548.020203,548.094360,548.168518,548.242676,548.316772,548.390930,548.465088,548.539246,548.613342,548.687500,548.761658,548.835754,548.909912,548.984070,549.058167,549.132324,549.206421,549.280579,549.354736,549.428833,549.502991,549.577087,549.651245,549.725342,549.799500,549.873596,549.947754,550.021851,550.096008,550.170105,550.244263,550.318359,550.392456,550.466614,550.540710,550.614868,550.688965,550.763062,550.837219,550.911316,550.985413,551.059570,551.133667,551.207764,551.281921,551.356018,551.430115,551.504272,551.578369,551.652466,551.726563,551.800659,551.874817,551.948914,552.023010,552.097107,552.171204,552.245300,552.319458,552.393555,552.467651,552.541748,552.615845,552.689941,552.764038,552.838135,552.912231,552.986328,553.060425,553.134521,553.208618,553.282715,553.356812,553.430908,553.505005,553.579102,553.653198,553.727295,553.801392,553.875488,553.949524,554.023621,554.097717,554.171814,554.245911,554.320007,554.394043,554.468140,554.542236,554.616333,554.690430,554.764465,554.838562,554.912659,554.986694,555.060791,555.134888,555.208984,555.283020,555.357117,555.431213,555.505249,555.579346,555.653381,555.727478,555.801575,555.875610,555.949707,556.023743,556.097839,556.171875,556.245972,556.320007,556.394104,556.468140,556.542236,556.616272,556.690369,556.764404,556.838440,556.912537,556.986572,557.060669,557.134705,557.208740,557.282837,557.356873,557.430908,557.505005,557.579041,557.653076,557.727112,557.801208,557.875244,557.949280,558.023315,558.097412,558.171448,558.245483,558.319519,558.393555,558.467590,558.541626,558.615723,558.689758,558.763794,558.837830,558.911865,558.985901,559.059937,559.133972,559.208008,559.282043,559.356079,559.430115,559.504150,559.578186,559.652222,559.726257,559.800293,559.874329,559.948364,560.022400,560.096375,560.170410,560.244446,560.318481,560.392517,560.466553,560.540527,560.614563,560.688599,560.762634,560.836609,560.910645,560.984680,561.058716,561.132690,561.206726,561.280762,561.354736,561.428772,561.502808,561.576782,561.650818,561.724792,561.798828,561.872864,561.946838,562.020874,562.094849,562.168884,562.242859,562.316895,562.390869,562.464905,562.538879,562.612915,562.686890,562.760864,562.834900,562.908875,562.982910,563.056885,563.130859,563.204895,563.278870,563.352844,563.426880,563.500854,563.574829,563.648865,563.722839,563.796814,563.870789,563.944763,564.018799,564.092773,564.166748,564.240723,564.314697,564.388672,564.462708,564.536682,564.610657,564.684631,564.758606,564.832581,564.906555,564.980530,565.054504,565.128479,565.202454,565.276428,565.350403,565.424377,565.498352,565.572327,565.646301,565.720276,565.794250,565.868164,565.942139,566.016113,566.090088,566.164063,566.238037,566.311951,566.385925,566.459900,566.533875,566.607788,566.681763,566.755737,566.829712,566.903625,566.977600,567.051575,567.125488,567.199463,567.273438,567.347351,567.421326,567.495239,567.569214,567.643188,567.717102,567.791077,567.864990,567.938965,568.012878,568.086853,568.160767,568.234741,568.308655,568.382568,568.456543,568.530457,568.604431,568.678345,568.752258,568.826233,568.900146,568.974060,569.048035,569.121948,569.195862,569.269775,569.343750,569.417664,569.491577,569.565491,569.639465,569.713379,569.787292,569.861206,569.935120,570.009033,570.082947,570.156921,570.230835,570.304749,570.378662,570.452576,570.526489,570.600403,570.674316,570.748230,570.822144,570.896057,570.969971,571.043884,571.117798,571.191650,571.265564,571.339478,571.413391,571.487305,571.561218,571.635132,571.708984,571.782898,571.856812,571.930725,572.004639,572.078491,572.152405,572.226318,572.300171,572.374084,572.447998,572.521851,572.595764,572.669678,572.743530,572.817444,572.891357,572.965210,573.039124,573.112976,573.186890,573.260742,573.334656,573.408508,573.482422,573.556274,573.630188,573.704041,573.777893,573.851807,573.925659,573.999573,574.073425,574.147278,574.221191,574.295044,574.368896,574.442810,574.516663,574.590515,574.664368,574.738281,574.812134,574.885986,574.959839,575.033691,575.107605,575.181458,575.255310,575.329163,575.403015,575.476868,575.550720,575.624573,575.698425,575.772278,575.846130,575.919983,575.993835,576.067688,576.141541,576.215393,576.289246,576.363098,576.436951,576.510803,576.584656,576.658508,576.732361,576.806152,576.880005,576.953857,577.027710,577.101563,577.175354,577.249207,577.323059,577.396912,577.470703,577.544556,577.618408,577.692200,577.766052,577.839905,577.913696,577.987549,578.061340,578.135193,578.209045,578.282837,578.356689,578.430481,578.504333,578.578125,578.651978,578.725769,578.799622,578.873413,578.947205,579.021057,579.094849,579.168640,579.242493,579.316284,579.390137,579.463928,579.537720,579.611511,579.685364,579.759155,579.832947,579.906738,579.980591,580.054382,580.128174,580.201965,580.275757,580.349548,580.423340,580.497192,580.570984,580.644775,580.718567,580.792358,580.866150,580.939941,581.013733,581.087524,581.161316,581.235107,581.308899,581.382690,581.456482,581.530212,581.604004,581.677795,581.751587,581.825378,581.899170,581.972900,582.046692,582.120483,582.194275,582.268066,582.341797,582.415588,582.489380,582.563110,582.636902,582.710693,582.784424,582.858215,582.932007,583.005737,583.079529,583.153259,583.227051,583.300781,583.374573,583.448303,583.522095,583.595825,583.669617,583.743347,583.817139,583.890869,583.964600,584.038391,584.112122,584.185852,584.259644,584.333374,584.407104,584.480896,584.554626,584.628357,584.702087,584.775879,584.849609,584.923340,584.997070,585.070801,585.144592,585.218323,585.292053,585.365784,585.439514,585.513245,585.586975,585.660706,585.734436,585.808167,585.881897,585.955627,586.029358,586.103088,586.176819,586.250549,586.324280,586.398010,586.471741,586.545410,586.619141,586.692871,586.766602,586.840332,586.914001,586.987732,587.061462,587.135193,587.208862,587.282593,587.356323,587.429993,587.503723,587.577454,587.651123,587.724854,587.798523,587.872253,587.945984,588.019653,588.093384,588.167053,588.240784,588.314453,588.388184,588.461853,588.535522,588.609253,588.682922,588.756653,588.830322,588.903992,588.977722,589.051392,589.125061,589.198730,589.272461,589.346130,589.419800,589.493469,589.567200,589.640869,589.714539,589.788208,589.861877,589.935547,590.009277,590.082947,590.156616,590.230286,590.303955,590.377625,590.451294,590.524963,590.598633,590.672302,590.745972,590.819641,590.893311,590.966919,591.040588,591.114258,591.187927,591.261597,591.335266,591.408875,591.482544,591.556213,591.629883,591.703552,591.777161,591.850830,591.924500,591.998108,592.071777,592.145447,592.219055,592.292725,592.366333,592.440002,592.513672,592.587280,592.660950,592.734558,592.808228,592.881836,592.955505,593.029114,593.102722,593.176392,593.250000,593.323669,593.397278,593.470886,593.544556,593.618164,593.691772,593.765381,593.839050,593.912659,593.986267,594.059875,594.133545,594.207153,594.280762,594.354370,594.427979,594.501587,594.575195,594.648804,594.722473,594.796082,594.869690,594.943298,595.016907,595.090515,595.164124,595.237732,595.311279,595.384888,595.458496,595.532104,595.605713,595.679321,595.752930,595.826477,595.900085,595.973694,596.047302,596.120911,596.194458,596.268066,596.341675,596.415222,596.488831,596.562439,596.635986,596.709595,596.783142,596.856750,596.930359,597.003906,597.077515,597.151062,597.224670,597.298218,597.371826,597.445374,597.518921,597.592529,597.666077,597.739685,597.813232,597.886780,597.960388,598.033936,598.107483,598.181091,598.254639,598.328186,598.401733,598.475281,598.548889,598.622437,598.695984,598.769531,598.843079,598.916626,598.990173,599.063721,599.137268,599.210876,599.284424,599.357971,599.431458,599.505005,599.578552,599.652100,599.725647,599.799194,599.872742,599.946289,600.019836,600.093384,600.166870,600.240417,600.313965,600.387512,600.460999,600.534546,600.608093,600.681641,600.755127,600.828674,600.902161,600.975708,601.049255,601.122742,601.196289,601.269775,601.343323,601.416809,601.490356,601.563843,601.637390,601.710876,601.784424,601.857910,601.931458,602.004944,602.078430,602.151978,602.225464,602.298950,602.372437,602.445984,602.519470,602.592957,602.666443,602.739990,602.813477,602.886963,602.960449,603.033936,603.107422,603.180908,603.254456,603.327942,603.401428,603.474915,603.548401,603.621887,603.695374,603.768860,603.842346,603.915771,603.989258,604.062744,604.136230,604.209717,604.283203,604.356689,604.430115,604.503601,604.577087,604.650574,604.723999,604.797485,604.870972,604.944397,605.017883,605.091370,605.164795,605.238281,605.311707,605.385193,605.458679,605.532104,605.605591,605.679016,605.752502,605.825928,605.899353,605.972839,606.046265,606.119751,606.193176,606.266602,606.340088,606.413513,606.486938,606.560364,606.633850,606.707275,606.780701,606.854126,606.927612,607.001038,607.074463,607.147888,607.221313,607.294739,607.368164,607.441589,607.515015,607.588440,607.661865,607.735291,607.808716,607.882141,607.955566,608.028992,608.102417,608.175842,608.249268,608.322693,608.396057,608.469482,608.542908,608.616333,608.689697,608.763123,608.836548,608.909973,608.983337,609.056763,609.130188,609.203552,609.276978,609.350342,609.423767,609.497131,609.570557,609.643921,609.717346,609.790710,609.864136,609.937500,610.010925,610.084290,610.157715,610.231079,610.304443,610.377869,610.451233,610.524597,610.597961,610.671387,610.744751,610.818115,610.891479,610.964844,611.038269,611.111633,611.184998,611.258362,611.331726,611.405090,611.478455,611.551819,611.625183,611.698547,611.771912,611.845276,611.918640,611.992004,612.065369,612.138733,612.212097,612.285400,612.358765,612.432129,612.505493,612.578857,612.652161,612.725525,612.798889,612.872192,612.945557,613.018921,613.092224,613.165588,613.238953,613.312256,613.385620,613.458923,613.532288,613.605591,613.678955,613.752258,613.825623,613.898926,613.972229,614.045593,614.118896,614.192261,614.265564,614.338867,614.412170,614.485535,614.558838,614.632141,614.705444,614.778809,614.852112,614.925415,614.998718,615.072021,615.145325,615.218628,615.291931,615.365234,615.438599,615.511902,615.585205,615.658447,615.731750,615.805054,615.878357,615.951660,616.024963,616.098267,616.171570,616.244873,616.318115,616.391418,616.464722,616.538025,616.611267,616.684570,616.757874,616.831116,616.904419,616.977722,617.050964,617.124268,617.197510,617.270813,617.344055,617.417358,617.490601,617.563904,617.637146,617.710449,617.783691,617.856995,617.930237,618.003479,618.076782,618.150024,618.223267,618.296509,618.369812,618.443054,618.516296,618.589539,618.662842,618.736084,618.809326,618.882568,618.955811,619.029053,619.102295,619.175537,619.248779,619.322021,619.395264,619.468506,619.541748,619.614990,619.688232,619.761475,619.834717,619.907898,619.981140,620.054382,620.127625,620.200867,620.274048,620.347290,620.420532,620.493774,620.566956,620.640198,620.713379,620.786621,620.859863,620.933044,621.006287,621.079468,621.152710,621.225891,621.299133,621.372314,621.445557,621.518738,621.591919,621.665161,621.738342,621.811523,621.884766,621.957947,622.031128,622.104370,622.177551,622.250732,622.323914,622.397095,622.470337,622.543518,622.616699,622.689880,622.763062,622.836243,622.909424,622.982605,623.055786,623.128967,623.202148,623.275330,623.348511,623.421692,623.494812,623.567993,623.641174,623.714355,623.787537,623.860718,623.933838,624.007019,624.080200,624.153320,624.226501,624.299683,624.372803,624.445984,624.519165,624.592285,624.665466,624.738586,624.811768,624.884888,624.958069,625.031189,625.104309,625.177490,625.250610,625.323792,625.396912,625.470032,625.543213,625.616333,625.689453,625.762573,625.835754,625.908875,625.981995,626.055115,626.128235,626.201355,626.274536,626.347656,626.420776,626.493896,626.567017,626.640137,626.713257,626.786377,626.859497,626.932556,627.005676,627.078796,627.151917,627.225037,627.298157,627.371277,627.444336,627.517456,627.590576,627.663696,627.736755,627.809875,627.882996,627.956055,628.029175,628.102234,628.175354,628.248413,628.321533,628.394592,628.467712,628.540771,628.613892,628.686951,628.760071,628.833130,628.906189,628.979309,629.052368,629.125427,629.198547,629.271606,629.344666,629.417725,629.490845,629.563904,629.636963,629.710022,629.783081,629.856140,629.929199,630.002258,630.075317,630.148376,630.221436,630.294495,630.367554,630.440613,630.513672,630.586731,630.659790,630.732849,630.805847,630.878906,630.951965,631.025024,631.098022,631.171082,631.244141,631.317200,631.390198,631.463257,631.536255,631.609314,631.682373,631.755371,631.828430,631.901428,631.974487,632.047485,632.120544,632.193542,632.266541,632.339600,632.412598,632.485596,632.558655,632.631653,632.704651,632.777710,632.850708,632.923706,632.996704,633.069702,633.142700,633.215759,633.288757,633.361755,633.434753,633.507751,633.580750,633.653748,633.726746,633.799744,633.872742,633.945740,634.018677,634.091675,634.164673,634.237671,634.310669,634.383667,634.456604,634.529602,634.602600,634.675537,634.748535,634.821533,634.894470,634.967468,635.040466,635.113403,635.186401,635.259338,635.332336,635.405273,635.478271,635.551208,635.624207,635.697144,635.770081,635.843079,635.916016,635.988953,636.061951,636.134888,636.207825,636.280762,636.353699,636.426697,636.499634,636.572571,636.645508,636.718445,636.791382,636.864319,636.937256,637.010193,637.083130,637.156067,637.229004,637.301941,637.374878,637.447815,637.520752,637.593689,637.666565,637.739502,637.812439,637.885376,637.958252,638.031189,638.104126,638.177002,638.249939,638.322876,638.395752,638.468689,638.541565,638.614502,638.687378,638.760315,638.833191,638.906128,638.979004,639.051941,639.124817,639.197693,639.270630,639.343506,639.416382,639.489258,639.562195,639.635071,639.707947,639.780823,639.853699,639.926636,639.999512,640.072388,640.145264,640.218140,640.291016,640.363892,640.436768,640.509644,640.582520,640.655396,640.728210,640.801086,640.873962,640.946838,641.019714,641.092590,641.165405,641.238281,641.311157,641.383972,641.456848,641.529724,641.602539,641.675415,641.748291,641.821106,641.893982,641.966797,642.039673,642.112488,642.185364,642.258179,642.330994,642.403870,642.476685,642.549500,642.622375,642.695190,642.768005,642.840820,642.913696,642.986511,643.059326,643.132141,643.204956,643.277771,643.350647,643.423462,643.496277,643.569092,643.641907,643.714722,643.787537,643.860291,643.933105,644.005920,644.078735,644.151550,644.224365,644.297180,644.369934,644.442749,644.515564,644.588318,644.661133,644.733948,644.806702,644.879517,644.952332,645.025085,645.097900,645.170654,645.243469,645.316223,645.389038,645.461792,645.534607,645.607361,645.680115,645.752930,645.825684,645.898438,645.971191,646.044006,646.116760,646.189514,646.262268,646.335022,646.407837,646.480591,646.553345,646.626099,646.698853,646.771606,646.844360,646.917114,646.989868,647.062622,647.135376,647.208130,647.280823,647.353577,647.426331,647.499084,647.571838,647.644531,647.717285,647.790039,647.862732,647.935486,648.008240,648.080933,648.153687,648.226379,648.299133,648.371826,648.444580,648.517273,648.590027,648.662720,648.735474,648.808167,648.880859,648.953613,649.026306,649.098999,649.171753,649.244446,649.317139,649.389832,649.462524,649.535278,649.607971,649.680664,649.753357,649.826050,649.898743,649.971436,650.044128,650.116821,650.189514,650.262207,650.334900,650.407532,650.480225,650.552917,650.625610,650.698303,650.770935,650.843628,650.916321,650.988953,651.061646,651.134338,651.206970,651.279663,651.352295
pdY=579.000000,580.000000,579.000000,577.000000,583.000000,583.000000,582.000000,580.000000,579.000000,569.000000,572.000000,581.000000,586.000000,577.000000,571.000000,577.000000,585.000000,584.000000,568.000000,569.000000,586.000000,581.000000,584.000000,575.000000,587.000000,584.000000,574.000000,581.000000,571.000000,572.000000,572.000000,575.000000,579.000000,580.000000,576.000000,578.000000,583.000000,585.000000,566.000000,589.000000,572.000000,577.000000,578.000000,581.000000,583.000000,571.000000,564.000000,584.000000,580.000000,586.000000,563.000000,578.000000,587.000000,581.000000,571.000000,574.000000,579.000000,583.000000,579.000000,587.000000,579.000000,585.000000,572.000000,577.000000,573.000000,568.000000,584.000000,583.000000,581.000000,572.000000,574.000000,577.000000,582.000000,572.000000,577.000000,569.000000,586.000000,583.000000,574.000000,571.000000,583.000000,581.000000,580.000000,578.000000,583.000000,588.000000,571.000000,578.000000,585.000000,570.000000,581.000000,568.000000,586.000000,576.000000,585.000000,576.000000,577.000000,564.000000,577.000000,593.000000,581.000000,574.000000,569.000000,571.000000,568.000000,572.000000,570.000000,577.000000,568.000000,580.000000,568.000000,582.000000,584.000000,584.000000,578.000000,588.000000,584.000000,568.000000,578.000000,580.000000,592.000000,579.000000,578.000000,578.000000,577.000000,581.000000,571.000000,574.000000,590.000000,569.000000,584.000000,576.000000,581.000000,556.000000,573.000000,576.000000,577.000000,578.000000,570.000000,568.000000,584.000000,572.000000,578.000000,571.000000,586.000000,581.000000,572.000000,592.000000,585.000000,580.000000,571.000000,588.000000,569.000000,588.000000,578.000000,571.000000,578.000000,570.000000,585.000000,573.000000,586.000000,576.000000,576.000000,592.000000,567.000000,577.000000,577.000000,578.000000,588.000000,585.000000,573.000000,572.000000,593.000000,570.000000,574.000000,586.000000,583.000000,585.000000,584.000000,569.000000,565.000000,578.000000,577.000000,584.000000,585.000000,585.000000,582.000000,578.000000,579.000000,569.000000,580.000000,573.000000,576.000000,575.000000,574.000000,584.000000,581.000000,572.000000,587.000000,581.000000,571.000000,577.000000,589.000000,573.000000,582.000000,585.000000,578.000000,574.000000,578.000000,575.000000,565.000000,581.000000,575.000000,572.000000,568.000000,572.000000,580.000000,592.000000,588.000000,575.000000,563.000000,577.000000,588.000000,595.000000,570.000000,583.000000,571.000000,571.000000,569.000000,578.000000,584.000000,586.000000,574.000000,576.000000,581.000000,584.000000,579.000000,576.000000,581.000000,570.000000,570.000000,576.000000,578.000000,570.000000,571.000000,579.000000,577.000000,588.000000,572.000000,575.000000,589.000000,575.000000,581.000000,567.000000,585.000000,580.000000,573.000000,568.000000,582.000000,579.000000,565.000000,589.000000,577.000000,582.000000,576.000000,565.000000,584.000000,568.000000,572.000000,584.000000,589.000000,576.000000,566.000000,573.000000,573.000000,576.000000,578.000000,582.000000,578.000000,577.000000,579.000000,569.000000,571.000000,568.000000,585.000000,581.000000,580.000000,574.000000,584.000000,575.000000,587.000000,571.000000,584.000000,577.000000,577.000000,573.000000,575.000000,590.000000,575.000000,578.000000,565.000000,580.000000,568.000000,584.000000,570.000000,576.000000,578.000000,570.000000,574.000000,575.000000,584.000000,573.000000,582.000000,580.000000,571.000000,571.000000,581.000000,580.000000,597.000000,566.000000,590.000000,578.000000,572.000000,578.000000,574.000000,577.000000,573.000000,574.000000,577.000000,575.000000,577.000000,570.000000,590.000000,592.000000,584.000000,581.000000,585.000000,574.000000,588.000000,584.000000,577.000000,579.000000,564.000000,582.000000,576.000000,583.000000,594.000000,583.000000,592.000000,575.000000,576.000000,576.000000,582.000000,570.000000,581.000000,575.000000,567.000000,571.000000,582.000000,582.000000,570.000000,594.000000,585.000000,567.000000,576.000000,583.000000,565.000000,582.000000,566.000000,582.000000,562.000000,580.000000,582.000000,588.000000,576.000000,584.000000,569.000000,577.000000,581.000000,577.000000,579.000000,583.000000,565.000000,574.000000,579.000000,586.000000,577.000000,592.000000,581.000000,569.000000,578.000000,588.000000,582.000000,584.000000,572.000000,578.000000,576.000000,584.000000,585.000000,578.000000,580.000000,584.000000,564.000000,590.000000,594.000000,584.000000,582.000000,577.000000,569.000000,572.000000,574.000000,584.000000,579.000000,580.000000,576.000000,571.000000,580.000000,576.000000,585.000000,572.000000,577.000000,579.000000,584.000000,585.000000,573.000000,591.000000,574.000000,592.000000,578.000000,569.000000,568.000000,567.000000,584.000000,579.000000,579.000000,574.000000,579.000000,571.000000,575.000000,574.000000,580.000000,575.000000,580.000000,584.000000,583.000000,578.000000,587.000000,577.000000,567.000000,578.000000,585.000000,585.000000,581.000000,573.000000,572.000000,580.000000,572.000000,565.000000,582.000000,596.000000,579.000000,585.000000,576.000000,582.000000,568.000000,573.000000,579.000000,578.000000,581.000000,576.000000,579.000000,574.000000,578.000000,595.000000,572.000000,582.000000,578.000000,581.000000,583.000000,584.000000,571.000000,577.000000,577.000000,582.000000,573.000000,575.000000,586.000000,579.000000,569.000000,578.000000,586.000000,578.000000,581.000000,578.000000,583.000000,574.000000,577.000000,571.000000,570.000000,571.000000,564.000000,561.000000,570.000000,573.000000,575.000000,576.000000,583.000000,576.000000,568.000000,564.000000,578.000000,570.000000,578.000000,577.000000,583.000000,583.000000,571.000000,570.000000,576.000000,584.000000,578.000000,576.000000,571.000000,571.000000,567.000000,572.000000,581.000000,583.000000,574.000000,591.000000,570.000000,574.000000,583.000000,574.000000,579.000000,582.000000,583.000000,576.000000,580.000000,579.000000,573.000000,588.000000,580.000000,567.000000,559.000000,570.000000,586.000000,575.000000,574.000000,579.000000,569.000000,582.000000,576.000000,570.000000,572.000000,578.000000,566.000000,582.000000,570.000000,579.000000,580.000000,579.000000,586.000000,575.000000,573.000000,571.000000,575.000000,576.000000,581.000000,565.000000,574.000000,583.000000,582.000000,572.000000,577.000000,574.000000,570.000000,570.000000,564.000000,583.000000,574.000000,583.000000,582.000000,590.000000,590.000000,572.000000,575.000000,583.000000,580.000000,577.000000,582.000000,570.000000,570.000000,583.000000,589.000000,568.000000,580.000000,565.000000,573.000000,582.000000,582.000000,574.000000,579.000000,582.000000,575.000000,580.000000,584.000000,574.000000,579.000000,572.000000,583.000000,574.000000,581.000000,573.000000,590.000000,573.000000,574.000000,569.000000,569.000000,589.000000,567.000000,570.000000,582.000000,579.000000,589.000000,567.000000,584.000000,570.000000,578.000000,580.000000,582.000000,575.000000,568.000000,572.000000,580.000000,576.000000,571.000000,580.000000,580.000000,567.000000,576.000000,570.000000,573.000000,581.000000,580.000000,583.000000,582.000000,574.000000,570.000000,566.000000,583.000000,579.000000,571.000000,572.000000,580.000000,584.000000,573.000000,565.000000,580.000000,574.000000,567.000000,586.000000,572.000000,577.000000,573.000000,580.000000,579.000000,574.000000,579.000000,587.000000,558.000000,577.000000,582.000000,576.000000,584.000000,586.000000,579.000000,578.000000,571.000000,570.000000,570.000000,568.000000,575.000000,582.000000,588.000000,578.000000,567.000000,566.000000,573.000000,574.000000,582.000000,572.000000,563.000000,590.000000,563.000000,592.000000,575.000000,585.000000,567.000000,570.000000,578.000000,585.000000,572.000000,575.000000,583.000000,584.000000,564.000000,563.000000,584.000000,568.000000,575.000000,583.000000,579.000000,582.000000,582.000000,568.000000,579.000000,576.000000,574.000000,586.000000,575.000000,566.000000,573.000000,582.000000,588.000000,579.000000,572.000000,577.000000,583.000000,579.000000,573.000000,576.000000,578.000000,568.000000,581.000000,575.000000,585.000000,583.000000,569.000000,568.000000,584.000000,578.000000,577.000000,580.000000,583.000000,578.000000,566.000000,570.000000,583.000000,581.000000,577.000000,575.000000,580.000000,582.000000,580.000000,572.000000,578.000000,564.000000,576.000000,571.000000,586.000000,581.000000,564.000000,568.000000,570.000000,577.000000,571.000000,569.000000,590.000000,589.000000,588.000000,572.000000,585.000000,571.000000,575.000000,579.000000,585.000000,573.000000,574.000000,580.000000,563.000000,564.000000,569.000000,571.000000,592.000000,574.000000,588.000000,559.000000,583.000000,569.000000,580.000000,579.000000,572.000000,556.000000,568.000000,573.000000,592.000000,583.000000,570.000000,578.000000,568.000000,582.000000,564.000000,573.000000,569.000000,566.000000,572.000000,589.000000,560.000000,570.000000,576.000000,591.000000,576.000000,564.000000,558.000000,572.000000,581.000000,563.000000,576.000000,579.000000,582.000000,562.000000,579.000000,576.000000,583.000000,581.000000,566.000000,569.000000,571.000000,572.000000,581.000000,580.000000,579.000000,581.000000,581.000000,570.000000,584.000000,587.000000,585.000000,578.000000,586.000000,568.000000,562.000000,576.000000,575.000000,579.000000,580.000000,583.000000,568.000000,569.000000,572.000000,579.000000,580.000000,570.000000,568.000000,576.000000,571.000000,571.000000,585.000000,583.000000,579.000000,571.000000,585.000000,585.000000,571.000000,574.000000,577.000000,564.000000,572.000000,572.000000,587.000000,574.000000,587.000000,573.000000,570.000000,564.000000,582.000000,586.000000,582.000000,573.000000,577.000000,569.000000,572.000000,571.000000,575.000000,565.000000,571.000000,565.000000,564.000000,579.000000,576.000000,576.000000,580.000000,577.000000,576.000000,581.000000,579.000000,577.000000,579.000000,573.000000,562.000000,577.000000,573.000000,568.000000,587.000000,583.000000,573.000000,572.000000,582.000000,576.000000,590.000000,576.000000,576.000000,574.000000,584.000000,575.000000,572.000000,586.000000,574.000000,574.000000,574.000000,573.000000,566.000000,575.000000,582.000000,565.000000,584.000000,568.000000,586.000000,579.000000,583.000000,582.000000,588.000000,574.000000,577.000000,576.000000,581.000000,576.000000,576.000000,581.000000,579.000000,569.000000,578.000000,571.000000,578.000000,578.000000,583.000000,567.000000,576.000000,574.000000,583.000000,585.000000,571.000000,570.000000,577.000000,582.000000,576.000000,570.000000,572.000000,575.000000,568.000000,583.000000,577.000000,582.000000,585.000000,578.000000,581.000000,580.000000,574.000000,584.000000,570.000000,587.000000,588.000000,584.000000,587.000000,571.000000,579.000000,583.000000,587.000000,571.000000,578.000000,581.000000,584.000000,586.000000,585.000000,580.000000,585.000000,569.000000,569.000000,566.000000,571.000000,577.000000,585.000000,586.000000,596.000000,577.000000,578.000000,588.000000,583.000000,588.000000,586.000000,601.000000,597.000000,596.000000,592.000000,617.000000,622.000000,684.000000,725.000000,850.000000,1012.000000,1220.000000,1687.000000,2683.000000,3396.000000,3880.000000,4096.000000,4157.000000,4064.000000,3740.000000,2935.000000,2334.000000,1936.000000,1580.000000,1433.000000,1319.000000,1120.000000,995.000000,913.000000,821.000000,750.000000,728.000000,687.000000,637.000000,620.000000,603.000000,582.000000,595.000000,592.000000,591.000000,586.000000,595.000000,607.000000,597.000000,602.000000,596.000000,599.000000,597.000000,598.000000,609.000000,605.000000,611.000000,608.000000,595.000000,594.000000,600.000000,601.000000,589.000000,597.000000,595.000000,598.000000,602.000000,604.000000,587.000000,599.000000,601.000000,608.000000,591.000000,604.000000,603.000000,602.000000,589.000000,594.000000,600.000000,590.000000,591.000000,597.000000,604.000000,598.000000,599.000000,594.000000,586.000000,591.000000,595.000000,586.000000,608.000000,580.000000,598.000000,592.000000,592.000000,585.000000,593.000000,588.000000,602.000000,603.000000,600.000000,598.000000,589.000000,583.000000,597.000000,592.000000,593.000000,593.000000,589.000000,599.000000,593.000000,592.000000,599.000000,587.000000,584.000000,580.000000,593.000000,591.000000,586.000000,589.000000,607.000000,598.000000,581.000000,590.000000,596.000000,582.000000,592.000000,586.000000,589.000000,589.000000,588.000000,595.000000,600.000000,601.000000,592.000000,587.000000,594.000000,587.000000,587.000000,589.000000,599.000000,603.000000,581.000000,602.000000,578.000000,588.000000,586.000000,601.000000,594.000000,583.000000,591.000000,590.000000,581.000000,593.000000,592.000000,599.000000,590.000000,588.000000,585.000000,613.000000,601.000000,598.000000,576.000000,596.000000,590.000000,588.000000,579.000000,578.000000,592.000000,593.000000,599.000000,591.000000,580.000000,588.000000,594.000000,590.000000,590.000000,592.000000,590.000000,586.000000,580.000000,576.000000,593.000000,579.000000,589.000000,593.000000,595.000000,596.000000,585.000000,581.000000,582.000000,581.000000,600.000000,581.000000,576.000000,575.000000,588.000000,580.000000,583.000000,605.000000,595.000000,587.000000,591.000000,586.000000,586.000000,603.000000,586.000000,583.000000,588.000000,585.000000,584.000000,592.000000,581.000000,593.000000,579.000000,597.000000,592.000000,594.000000,581.000000,585.000000,600.000000,589.000000,583.000000,588.000000,591.000000,601.000000,592.000000,571.000000,575.000000,604.000000,580.000000,587.000000,596.000000,596.000000,587.000000,584.000000,586.000000,593.000000,595.000000,587.000000,583.000000,592.000000,587.000000,578.000000,590.000000,585.000000,585.000000,591.000000,585.000000,584.000000,588.000000,588.000000,587.000000,587.000000,587.000000,584.000000,583.000000,584.000000,585.000000,590.000000,597.000000,575.000000,588.000000,579.000000,594.000000,582.000000,590.000000,585.000000,588.000000,569.000000,589.000000,585.000000,606.000000,582.000000,601.000000,593.000000,604.000000,580.000000,584.000000,584.000000,592.000000,583.000000,597.000000,592.000000,586.000000,581.000000,588.000000,594.000000,588.000000,584.000000,580.000000,595.000000,594.000000,589.000000,585.000000,588.000000,587.000000,591.000000,592.000000,580.000000,588.000000,594.000000,578.000000,600.000000,590.000000,590.000000,590.000000,582.000000,587.000000,577.000000,572.000000,589.000000,580.000000,594.000000,588.000000,598.000000,586.000000,586.000000,588.000000,593.000000,583.000000,589.000000,609.000000,587.000000,597.000000,582.000000,597.000000,596.000000,589.000000,584.000000,593.000000,586.000000,602.000000,593.000000,593.000000,596.000000,593.000000,594.000000,590.000000,592.000000,575.000000,592.000000,591.000000,593.000000,590.000000,575.000000,588.000000,595.000000,597.000000,582.000000,588.000000,581.000000,583.000000,586.000000,586.000000,601.000000,583.000000,590.000000,583.000000,596.000000,597.000000,604.000000,595.000000,592.000000,588.000000,603.000000,598.000000,594.000000,596.000000,595.000000,596.000000,589.000000,588.000000,591.000000,588.000000,596.000000,587.000000,596.000000,590.000000,595.000000,598.000000,593.000000,597.000000,591.000000,585.000000,597.000000,604.000000,591.000000,595.000000,590.000000,583.000000,584.000000,587.000000,592.000000,590.000000,593.000000,592.000000,591.000000,578.000000,581.000000,586.000000,588.000000,587.000000,584.000000,602.000000,585.000000,583.000000,588.000000,592.000000,589.000000,600.000000,585.000000,579.000000,596.000000,581.000000,587.000000,585.000000,581.000000,589.000000,590.000000,591.000000,580.000000,595.000000,593.000000,575.000000,606.000000,594.000000,589.000000,589.000000,594.000000,597.000000,593.000000,582.000000,596.000000,585.000000,586.000000,591.000000,581.000000,587.000000,591.000000,582.000000,607.000000,599.000000,594.000000,589.000000,590.000000,582.000000,591.000000,584.000000,584.000000,602.000000,588.000000,580.000000,590.000000,577.000000,602.000000,591.000000,589.000000,595.000000,602.000000,594.000000,601.000000,595.000000,586.000000,591.000000,591.000000,592.000000,585.000000,603.000000,598.000000,594.000000,602.000000,582.000000,581.000000,600.000000,593.000000,584.000000,589.000000,595.000000,593.000000,586.000000,589.000000,590.000000,587.000000,588.000000,594.000000,590.000000,585.000000,589.000000,581.000000,600.000000,588.000000,588.000000,583.000000,581.000000,592.000000,598.000000,590.000000,598.000000,586.000000,569.000000,590.000000,583.000000,589.000000,590.000000,605.000000,594.000000,586.000000,597.000000,587.000000,597.000000,593.000000,592.000000,597.000000,577.000000,595.000000,590.000000,584.000000,585.000000,600.000000,588.000000,589.000000,593.000000,588.000000,575.000000,596.000000,596.000000,587.000000,589.000000,600.000000,589.000000,591.000000,588.000000,594.000000,588.000000,586.000000,601.000000,605.000000,586.000000,590.000000,586.000000,606.000000,582.000000,599.000000,601.000000,598.000000,579.000000,588.000000,609.000000,596.000000,589.000000,601.000000,593.000000,604.000000,585.000000,590.000000,599.000000,587.000000,573.000000,591.000000,598.000000,589.000000,584.000000,596.000000,595.000000,597.000000,588.000000,582.000000,594.000000,589.000000,601.000000,597.000000,597.000000,590.000000,600.000000,594.000000,601.000000,583.000000,583.000000,583.000000,598.000000,594.000000,582.000000,586.000000,589.000000,601.000000,590.000000,591.000000,584.000000,588.000000,588.000000,592.000000,588.000000,588.000000,592.000000,594.000000,596.000000,591.000000,577.000000,595.000000,593.000000,585.000000,589.000000,595.000000,585.000000,599.000000,585.000000,583.000000,591.000000,587.000000,599.000000,591.000000,589.000000,598.000000,592.000000,585.000000,580.000000,601.000000,596.000000,584.000000,590.000000,603.000000,591.000000,601.000000,591.000000,574.000000,595.000000,600.000000,598.000000,596.000000,595.000000,593.000000,591.000000,589.000000,580.000000,597.000000,600.000000,584.000000,587.000000,602.000000,599.000000,590.000000,592.000000,593.000000,594.000000,596.000000,583.000000,597.000000,592.000000,596.000000,597.000000,586.000000,596.000000,588.000000,604.000000,596.000000,591.000000,576.000000,586.000000,589.000000,592.000000,589.000000,586.000000,591.000000,594.000000,574.000000,608.000000,588.000000,587.000000,596.000000,597.000000,590.000000,580.000000,599.000000,603.000000,601.000000,584.000000,593.000000,597.000000,596.000000,598.000000,604.000000,587.000000,604.000000,595.000000,600.000000,587.000000,602.000000,591.000000,593.000000,583.000000,599.000000,574.000000,598.000000,608.000000,587.000000,592.000000,595.000000,587.000000,600.000000,591.000000,591.000000,598.000000,581.000000,594.000000,594.000000,580.000000,615.000000,580.000000,596.000000,588.000000,594.000000,583.000000,591.000000,598.000000,592.000000,583.000000,572.000000,591.000000,596.000000,604.000000,586.000000,596.000000,598.000000,594.000000,603.000000,585.000000,600.000000,590.000000,591.000000,593.000000,598.000000,579.000000,589.000000,593.000000,593.000000,587.000000,592.000000,590.000000,584.000000,589.000000,585.000000,593.000000,597.000000,604.000000,605.000000,581.000000,580.000000,595.000000,581.000000,600.000000,589.000000,592.000000,600.000000,599.000000,593.000000,589.000000,586.000000,583.000000,592.000000,598.000000,598.000000,601.000000,580.000000,584.000000,593.000000,605.000000,577.000000,587.000000,586.000000,597.000000,592.000000,578.000000,590.000000,594.000000,600.000000,591.000000,586.000000,582.000000,584.000000,600.000000,588.000000,594.000000,579.000000,578.000000,596.000000,592.000000,576.000000,585.000000,591.000000,582.000000,594.000000,594.000000,603.000000,593.000000,596.000000,583.000000,585.000000,606.000000,582.000000,598.000000,596.000000,582.000000,585.000000,584.000000,604.000000,594.000000,600.000000,597.000000,586.000000,579.000000,597.000000,591.000000,593.000000,592.000000,587.000000,592.000000,591.000000,589.000000,599.000000,594.000000,595.000000,600.000000,583.000000,599.000000,595.000000,582.000000,583.000000,609.000000,586.000000,583.000000,608.000000,599.000000,593.000000,586.000000,582.000000,598.000000,569.000000,591.000000,607.000000,590.000000,594.000000,594.000000,582.000000,591.000000,580.000000,599.000000,594.000000,594.000000,604.000000,595.000000,593.000000,579.000000,608.000000,585.000000,604.000000,595.000000,601.000000,584.000000,602.000000,575.000000,597.000000,599.000000,593.000000,588.000000,589.000000,591.000000,585.000000,596.000000,603.000000,592.000000,592.000000,589.000000,605.000000,596.000000,580.000000,599.000000,582.000000,595.000000,586.000000,598.000000,589.000000,590.000000,589.000000,585.000000,594.000000,607.000000,583.000000,587.000000,585.000000,574.000000,589.000000,580.000000,608.000000,580.000000,591.000000,592.000000,589.000000,588.000000,583.000000,582.000000,582.000000,590.000000,597.000000,603.000000,589.000000,582.000000,592.000000,594.000000,592.000000,595.000000,592.000000,581.000000,597.000000,605.000000,607.000000,593.000000,585.000000,603.000000,588.000000,592.000000,604.000000,587.000000,591.000000,578.000000,589.000000,589.000000,597.000000,591.000000,593.000000,582.000000,577.000000,588.000000,582.000000,598.000000,593.000000,583.000000,578.000000,585.000000,600.000000,584.000000,596.000000,575.000000,591.000000,595.000000,597.000000,604.000000,582.000000,594.000000,593.000000,591.000000,596.000000,597.000000,596.000000,583.000000,594.000000,593.000000,598.000000,593.000000,600.000000,594.000000,596.000000,590.000000,603.000000,590.000000,580.000000,583.000000,589.000000,603.000000,590.000000,600.000000,584.000000,590.000000,601.000000,591.000000,596.000000,589.000000,600.000000,596.000000,589.000000,593.000000,591.000000,603.000000,595.000000,590.000000,601.000000,591.000000,602.000000,581.000000,579.000000,595.000000,587.000000,590.000000,593.000000,590.000000,605.000000,579.000000,587.000000,591.000000,595.000000,587.000000,590.000000,603.000000,599.000000,599.000000

