 = 
strScanMode = 
strWave = 
powervalue = 归零
pinhole = 0
grating = 
slit = 0
ExpTime = 
unit = 
strCenterWave = 
strStartWave = 
strEndWave = 
totalnum = 0
strInterFlg = 
strIntervaltime = 
intervalnum = 0
haveTitle = true
dataFrom = 0
laserWaveLength = 532.0
pdX = 506.578949,506.652649,506.726318,506.800018,506.873718,506.947388,507.021088,507.094757,507.168457,507.242126,507.315826,507.389496,507.463196,507.536865,507.610565,507.684235,507.757935,507.831604,507.905304,507.978973,508.052673,508.126343,508.200012,508.273712,508.347382,508.421051,508.494751,508.568420,508.642090,508.715790,508.789459,508.863129,508.936798,509.010498,509.084167,509.157837,509.231506,509.305206,509.378876,509.452545,509.526215,509.599884,509.673553,509.747253,509.820923,509.894592,509.968262,510.041931,510.115601,510.189270,510.262939,510.336609,510.410278,510.483948,510.557617,510.631287,510.704956,510.778625,510.852295,510.925964,510.999634,511.073303,511.146942,511.220612,511.294281,511.367950,511.441620,511.515289,511.588928,511.662598,511.736267,511.809937,511.883606,511.957245,512.030945,512.104553,512.178223,512.251892,512.325562,512.399231,512.472900,512.546509,512.620178,512.693848,512.767517,512.841187,512.914795,512.988464,513.062134,513.135803,513.209412,513.283081,513.356750,513.430420,513.504028,513.577698,513.651367,513.725037,513.798645,513.872314,513.945984,514.019592,514.093262,514.166931,514.240540,514.314209,514.387878,514.461487,514.535156,514.608826,514.682434,514.756104,514.829712,514.903381,514.977051,515.050659,515.124329,515.197937,515.271606,515.345215,515.418884,515.492554,515.566162,515.639832,515.713440,515.787109,515.860718,515.934387,516.007996,516.081665,516.155273,516.228943,516.302551,516.376221,516.449829,516.523438,516.597107,516.670715,516.744385,516.817993,516.891663,516.965271,517.038879,517.112549,517.186157,517.259827,517.333435,517.407043,517.480713,517.554321,517.627930,517.701599,517.775208,517.848816,517.922485,517.996094,518.069702,518.143372,518.216980,518.290588,518.364197,518.437866,518.511475,518.585083,518.658691,518.732361,518.805969,518.879578,518.953186,519.026794,519.100464,519.174072,519.247681,519.321289,519.394897,519.468567,519.542175,519.615784,519.689392,519.763000,519.836609,519.910217,519.983826,520.057495,520.131104,520.204712,520.278320,520.351929,520.425537,520.499146,520.572754,520.646362,520.719971,520.793579,520.867188,520.940796,521.014404,521.088013,521.161621,521.235229,521.308838,521.382446,521.456055,521.529663,521.603271,521.676880,521.750488,521.824097,521.897705,521.971252,522.044861,522.118469,522.192078,522.265686,522.339294,522.412903,522.486511,522.560059,522.633667,522.707275,522.780884,522.854492,522.928040,523.001648,523.075256,523.148865,523.222473,523.296021,523.369629,523.443237,523.516846,523.590393,523.664001,523.737610,523.811157,523.884766,523.958374,524.031982,524.105530,524.179138,524.252747,524.326294,524.399902,524.473511,524.547058,524.620667,524.694214,524.767822,524.841431,524.914978,524.988586,525.062134,525.135742,525.209290,525.282898,525.356506,525.430054,525.503662,525.577209,525.650818,525.724365,525.797974,525.871521,525.945129,526.018677,526.092224,526.165833,526.239380,526.312988,526.386536,526.460144,526.533691,526.607239,526.680847,526.754395,526.828003,526.901550,526.975098,527.048706,527.122253,527.195801,527.269409,527.342957,527.416504,527.490112,527.563660,527.637207,527.710754,527.784363,527.857910,527.931458,528.005005,528.078613,528.152161,528.225708,528.299255,528.372864,528.446411,528.519958,528.593506,528.667053,528.740601,528.814209,528.887756,528.961304,529.034851,529.108398,529.181946,529.255493,529.329041,529.402588,529.476196,529.549744,529.623291,529.696838,529.770386,529.843933,529.917480,529.991028,530.064575,530.138123,530.211670,530.285217,530.358765,530.432312,530.505859,530.579407,530.652954,530.726440,530.799988,530.873535,530.947083,531.020630,531.094177,531.167725,531.241272,531.314819,531.388306,531.461853,531.535400,531.608948,531.682495,531.755981,531.829529,531.903076,531.976624,532.050171,532.123657,532.197205,532.270752,532.344299,532.417786,532.491333,532.564880,532.638367,532.711914,532.785461,532.858948,532.932495,533.006042,533.079529,533.153076,533.226624,533.300110,533.373657,533.447144,533.520691,533.594238,533.667725,533.741272,533.814758,533.888306,533.961792,534.035339,534.108826,534.182373,534.255859,534.329407,534.402893,534.476440,534.549927,534.623474,534.696960,534.770508,534.843994,534.917542,534.991028,535.064514,535.138062,535.211548,535.285034,535.358582,535.432068,535.505554,535.579102,535.652588,535.726074,535.799622,535.873108,535.946594,536.020142,536.093628,536.167114,536.240601,536.314148,536.387634,536.461121,536.534607,536.608093,536.681641,536.755127,536.828613,536.902100,536.975586,537.049072,537.122620,537.196106,537.269592,537.343079,537.416565,537.490051,537.563538,537.637024,537.710510,537.783997,537.857483,537.930969,538.004456,538.077942,538.151428,538.224915,538.298401,538.371887,538.445374,538.518860,538.592346,538.665833,538.739319,538.812805,538.886292,538.959778,539.033264,539.106750,539.180176,539.253662,539.327148,539.400635,539.474121,539.547607,539.621033,539.694519,539.768005,539.841492,539.914978,539.988403,540.061890,540.135376,540.208862,540.282288,540.355774,540.429260,540.502686,540.576172,540.649658,540.723083,540.796570,540.870056,540.943481,541.016968,541.090454,541.163879,541.237366,541.310791,541.384277,541.457703,541.531189,541.604614,541.678101,541.751587,541.825012,541.898499,541.971924,542.045410,542.118835,542.192261,542.265747,542.339172,542.412659,542.486084,542.559570,542.632996,542.706421,542.779907,542.853333,542.926758,543.000244,543.073669,543.147095,543.220581,543.294006,543.367432,543.440918,543.514343,543.587769,543.661194,543.734680,543.808105,543.881531,543.954956,544.028442,544.101868,544.175293,544.248718,544.322144,544.395569,544.469055,544.542480,544.615906,544.689331,544.762756,544.836182,544.909607,544.983032,545.056458,545.129883,545.203308,545.276794,545.350220,545.423645,545.497070,545.570496,545.643860,545.717285,545.790710,545.864136,545.937561,546.010986,546.084412,546.157837,546.231262,546.304688,546.378113,546.451538,546.524902,546.598328,546.671753,546.745178,546.818604,546.891968,546.965393,547.038818,547.112244,547.185669,547.259033,547.332458,547.405884,547.479248,547.552673,547.626099,547.699524,547.772888,547.846313,547.919678,547.993103,548.066528,548.139893,548.213318,548.286743,548.360107,548.433533,548.506897,548.580322,548.653687,548.727112,548.800476,548.873901,548.947266,549.020691,549.094055,549.167480,549.240845,549.314270,549.387634,549.461060,549.534424,549.607788,549.681213,549.754578,549.828003,549.901367,549.974731,550.048157,550.121521,550.194885,550.268250,550.341675,550.415039,550.488403,550.561829,550.635193,550.708557,550.781921,550.855286,550.928711,551.002075,551.075439,551.148804,551.222168,551.295532,551.368958,551.442322,551.515686,551.589050,551.662415,551.735779,551.809143,551.882507,551.955872,552.029236,552.102600,552.175964,552.249329,552.322693,552.396057,552.469421,552.542786,552.616150,552.689514,552.762878,552.836243,552.909607,552.982971,553.056335,553.129639,553.203003,553.276367,553.349731,553.423096,553.496460,553.569763,553.643127,553.716492,553.789856,553.863159,553.936523,554.009888,554.083252,554.156555,554.229919,554.303284,554.376587,554.449951,554.523315,554.596619,554.669983,554.743286,554.816650,554.890015,554.963318,555.036682,555.109985,555.183350,555.256653,555.330017,555.403320,555.476685,555.549988,555.623352,555.696655,555.770020,555.843323,555.916687,555.989990,556.063293,556.136658,556.209961,556.283325,556.356628,556.429932,556.503296,556.576599,556.649902,556.723206,556.796570,556.869873,556.943176,557.016541,557.089844,557.163147,557.236450,557.309753,557.383118,557.456421,557.529724,557.603027,557.676331,557.749634,557.822937,557.896301,557.969604,558.042908,558.116211,558.189514,558.262817,558.336121,558.409424,558.482727,558.556030,558.629333,558.702637,558.775940,558.849243,558.922546,558.995850,559.069153,559.142456,559.215698,559.289001,559.362305,559.435608,559.508911,559.582214,559.655457,559.728760,559.802063,559.875366,559.948669,560.021912,560.095215,560.168518,560.241821,560.315063,560.388367,560.461670,560.534912,560.608215,560.681519,560.754761,560.828064,560.901306,560.974609,561.047913,561.121155,561.194458,561.267700,561.341003,561.414246,561.487549,561.560791,561.634094,561.707336,561.780640,561.853882,561.927185,562.000427,562.073730,562.146973,562.220215,562.293518,562.366760,562.440002,562.513306,562.586548,562.659790,562.733093,562.806335,562.879578,562.952820,563.026123,563.099365,563.172607,563.245850,563.319153,563.392395,563.465637,563.538879,563.612122,563.685364,563.758606,563.831909,563.905151,563.978394,564.051636,564.124878,564.198120,564.271362,564.344604,564.417847,564.491089,564.564331,564.637573,564.710815,564.784058,564.857300,564.930542,565.003784,565.077026,565.150208,565.223450,565.296692,565.369934,565.443176,565.516418,565.589600,565.662842,565.736084,565.809326,565.882507,565.955750,566.028992,566.102234,566.175415,566.248657,566.321899,566.395081,566.468323,566.541565,566.614746,566.687988,566.761169,566.834412,566.907654,566.980835,567.054077,567.127258,567.200500,567.273682,567.346924,567.420105,567.493347,567.566528,567.639771,567.712952,567.786133,567.859375,567.932556,568.005798,568.078979,568.152161,568.225403,568.298584,568.371765,568.445007,568.518188,568.591370,568.664551,568.737793,568.810974,568.884155,568.957336,569.030579,569.103760,569.176941,569.250122,569.323303,569.396484,569.469666,569.542847,569.616089,569.689270,569.762451,569.835632,569.908813,569.981995,570.055176,570.128357,570.201538,570.274719,570.347900,570.421082,570.494263,570.567383,570.640564,570.713745,570.786926,570.860107,570.933289,571.006470,571.079590,571.152771,571.225952,571.299133,571.372314,571.445435,571.518616,571.591797,571.664917,571.738098,571.811279,571.884399,571.957581,572.030762,572.103882,572.177063,572.250244,572.323364,572.396545,572.469666,572.542847,572.615967,572.689148,572.762268,572.835449,572.908569,572.981750,573.054871,573.128052,573.201172,573.274353,573.347473,573.420593,573.493774,573.566895,573.640015,573.713196,573.786316,573.859436,573.932617,574.005737,574.078857,574.151978,574.225159,574.298279,574.371399,574.444519,574.517639,574.590820,574.663940,574.737061,574.810181,574.883301,574.956421,575.029541,575.102661,575.175781,575.248901,575.322021,575.395142,575.468262,575.541382,575.614502,575.687622,575.760742,575.833862,575.906982,575.980103,576.053223,576.126343,576.199402,576.272522,576.345642,576.418762,576.491882,576.564941,576.638062,576.711182,576.784302,576.857361,576.930481,577.003601,577.076721,577.149780,577.222900,577.296021,577.369080,577.442200,577.515259,577.588379,577.661438,577.734558,577.807678,577.880737,577.953857,578.026917,578.100037,578.173096,578.246155,578.319275,578.392334,578.465454,578.538513,578.611633,578.684692,578.757751,578.830872,578.903931,578.976990,579.050110,579.123169,579.196228,579.269287,579.342407,579.415466,579.488525,579.561584,579.634644,579.707703,579.780823,579.853882,579.926941,580.000000,580.073059,580.146118,580.219177,580.292236,580.365295,580.438354,580.511414,580.584473,580.657532,580.730591,580.803650,580.876709,580.949768,581.022827,581.095886,581.168945,581.242004,581.315002,581.388062,581.461121,581.534180,581.607239,581.680237,581.753296,581.826355,581.899414,581.972412,582.045471,582.118530,582.191528,582.264587,582.337646,582.410645,582.483704,582.556702,582.629761,582.702820,582.775818,582.848877,582.921875,582.994934,583.067932,583.140991,583.213989,583.287048,583.360046,583.433044,583.506104,583.579102,583.652100,583.725159,583.798157,583.871216,583.944214,584.017212,584.090210,584.163269,584.236267,584.309265,584.382263,584.455322,584.528320,584.601318,584.674316,584.747314,584.820313,584.893311,584.966370,585.039368,585.112366,585.185364,585.258362,585.331360,585.404358,585.477356,585.550354,585.623352,585.696350,585.769348,585.842285,585.915283,585.988281,586.061279,586.134277,586.207275,586.280273,586.353210,586.426208,586.499207,586.572205,586.645203,586.718140,586.791138,586.864136,586.937073,587.010071,587.083069,587.156006,587.229004,587.302002,587.374939,587.447937,587.520874,587.593872,587.666809,587.739807,587.812744,587.885742,587.958679,588.031677,588.104614,588.177612,588.250549,588.323486,588.396484,588.469421,588.542358,588.615356,588.688293,588.761230,588.834229,588.907166,588.980103,589.053040,589.126038,589.198975,589.271912,589.344849,589.417786,589.490723,589.563721,589.636658,589.709595,589.782532,589.855469,589.928406,590.001343,590.074280,590.147217,590.220154,590.293091,590.366028,590.438965,590.511902,590.584839,590.657776,590.730652,590.803589,590.876526,590.949463,591.022400,591.095337,591.168213,591.241150,591.314087,591.387024,591.459900,591.532837,591.605774,591.678650,591.751587,591.824524,591.897400,591.970337,592.043213,592.116150,592.189087,592.261963,592.334900,592.407776,592.480713,592.553589,592.626526,592.699402,592.772278,592.845215,592.918091,592.991028,593.063904,593.136780,593.209717,593.282593,593.355469,593.428406,593.501282,593.574158,593.647034,593.719910,593.792847,593.865723,593.938599,594.011475,594.084351,594.157227,594.230164,594.303040,594.375916,594.448792,594.521667,594.594543,594.667419,594.740295,594.813171,594.886047,594.958923,595.031799,595.104614,595.177490,595.250366,595.323242,595.396118,595.468994,595.541870,595.614685,595.687561,595.760437,595.833313,595.906128,595.979004,596.051880,596.124695,596.197571,596.270447,596.343262,596.416138,596.489014,596.561829,596.634705,596.707520,596.780396,596.853210,596.926086,596.998901,597.071777,597.144592,597.217468,597.290283,597.363098,597.435974,597.508789,597.581665,597.654480,597.727295,597.800110,597.872986,597.945801,598.018616,598.091431,598.164307,598.237122,598.309937,598.382751,598.455566,598.528442,598.601257,598.674072,598.746887,598.819702,598.892517,598.965332,599.038147,599.110962,599.183777,599.256592,599.329407,599.402222,599.475037,599.547852,599.620605,599.693420,599.766235,599.839050,599.911865,599.984680,600.057434,600.130249,600.203064,600.275879,600.348633,600.421448,600.494263,600.567017,600.639832,600.712646,600.785400,600.858215,600.930969,601.003784,601.076538,601.149353,601.222107,601.294922,601.367676,601.440491,601.513245,601.586060,601.658813,601.731567,601.804382,601.877136,601.949951,602.022705,602.095459,602.168213,602.241028,602.313782,602.386536,602.459290,602.532104,602.604858,602.677612,602.750366,602.823120,602.895874,602.968628,603.041382,603.114197,603.186951,603.259705,603.332458,603.405212,603.477966,603.550659,603.623413,603.696167,603.768921,603.841675,603.914429,603.987183,604.059937,604.132629,604.205383,604.278137,604.350891,604.423645,604.496338,604.569092,604.641846,604.714539,604.787292,604.860046,604.932739,605.005493,605.078186,605.150940,605.223694,605.296387,605.369141,605.441833,605.514587,605.587280,605.660034,605.732727,605.805420,605.878174,605.950867,606.023621,606.096313,606.169006,606.241699,606.314453,606.387146,606.459839,606.532593,606.605286,606.677979,606.750671,606.823364,606.896057,606.968811,607.041504,607.114197,607.186890,607.259583,607.332275,607.404968,607.477661,607.550354,607.623047,607.695740,607.768433,607.841125,607.913818,607.986450,608.059143,608.131836,608.204529,608.277222,608.349915,608.422546,608.495239,608.567932,608.640625,608.713257,608.785950,608.858643,608.931274,609.003967,609.076660,609.149292,609.221985,609.294617,609.367310,609.439941,609.512634,609.585266,609.657959,609.730591,609.803284,609.875916,609.948547,610.021240,610.093872,610.166504,610.239197,610.311829,610.384460,610.457153,610.529785,610.602417,610.675049,610.747742,610.820374,610.893005,610.965637,611.038269,611.110901,611.183533,611.256165,611.328796,611.401428,611.474060,611.546692,611.619324,611.691956,611.764587,611.837219,611.909851,611.982483,612.055115,612.127747,612.200378,612.272949,612.345581,612.418213,612.490845,612.563416,612.636047,612.708679,612.781311,612.853882,612.926514,612.999084,613.071716,613.144348,613.216919,613.289551,613.362122,613.434753,613.507324,613.579956,613.652527,613.725159,613.797729,613.870361,613.942932,614.015503,614.088135,614.160706,614.233276,614.305908,614.378479,614.451050,614.523621,614.596252,614.668823,614.741394,614.813965,614.886536,614.959106,615.031677,615.104309,615.176880,615.249451,615.322021,615.394592,615.467163,615.539734,615.612305,615.684875,615.757385,615.829956,615.902527,615.975098,616.047668,616.120239,616.192810,616.265320,616.337891,616.410461,616.483032,616.555542,616.628113,616.700684,616.773193,616.845764,616.918335,616.990845,617.063416,617.135925,617.208496,617.281006,617.353577,617.426086,617.498657,617.571167,617.643738,617.716248,617.788757,617.861328,617.933838,618.006409,618.078918,618.151428,618.223938,618.296509,618.369019,618.441528,618.514038,618.586548,618.659119,618.731628,618.804138,618.876648,618.949158,619.021667,619.094177,619.166687,619.239197,619.311707,619.384216,619.456726,619.529236,619.601746,619.674255,619.746765,619.819275,619.891724,619.964233,620.036743,620.109253,620.181763,620.254211,620.326721,620.399231,620.471680,620.544189,620.616699,620.689148,620.761658,620.834106,620.906616,620.979126,621.051575,621.124084,621.196533,621.269043,621.341492,621.413940,621.486450,621.558899,621.631409,621.703857,621.776306,621.848816,621.921265,621.993713,622.066162,622.138672,622.211121,622.283569,622.356018,622.428467,622.500916,622.573425,622.645874,622.718323,622.790771,622.863220,622.935669,623.008118,623.080566,623.153015,623.225464,623.297913,623.370300,623.442749,623.515198,623.587646,623.660095,623.732544,623.804932,623.877380,623.949829,624.022278,624.094666,624.167114,624.239563,624.311951,624.384399,624.456848,624.529236,624.601685,624.674072,624.746521,624.818909,624.891357,624.963745,625.036194,625.108582,625.180969,625.253418,625.325806,625.398254,625.470642,625.543030,625.615417,625.687866,625.760254,625.832642,625.905029,625.977478,626.049866,626.122253,626.194641,626.267029,626.339417,626.411804,626.484192,626.556580,626.628967,626.701355,626.773743,626.846130,626.918518,626.990906,627.063293,627.135681,627.208069,627.280396,627.352783,627.425171,627.497559,627.569946,627.642273,627.714661,627.787048,627.859375,627.931763,628.004150,628.076477,628.148865,628.221191,628.293579,628.365906,628.438293,628.510620,628.583008,628.655334,628.727722,628.800049,628.872375,628.944763,629.017090,629.089417,629.161804,629.234131,629.306458,629.378784,629.451172,629.523499,629.595825,629.668152,629.740479,629.812805,629.885132,629.957520,630.029846,630.102173,630.174500,630.246826,630.319153,630.391479,630.463745,630.536072,630.608398,630.680725,630.753052,630.825378,630.897705,630.969971,631.042297,631.114624,631.186951,631.259216,631.331543,631.403870,631.476135,631.548462,631.620728,631.693054,631.765381,631.837646,631.909973,631.982239,632.054565,632.126831,632.199158,632.271423,632.343689,632.416016,632.488281,632.560547,632.632874,632.705139,632.777405,632.849670,632.921997,632.994263,633.066528,633.138794,633.211060,633.283325,633.355652,633.427917,633.500183,633.572449,633.644714,633.716980,633.789246,633.861511,633.933777,634.005981,634.078247,634.150513,634.222778,634.295044,634.367310,634.439575,634.511780,634.584045,634.656311,634.728516,634.800781,634.873047,634.945251,635.017517,635.089783,635.161987,635.234253,635.306458,635.378723,635.450928,635.523193,635.595398,635.667664,635.739868,635.812073,635.884338,635.956543,636.028748,636.101013,636.173218,636.245422,636.317627,636.389893,636.462097,636.534302,636.606506,636.678711,636.750916,636.823181,636.895386,636.967590,637.039795,637.112000,637.184204,637.256409,637.328613,637.400757,637.472961,637.545166,637.617371,637.689575,637.761780,637.833984,637.906128,637.978333,638.050537,638.122681,638.194885,638.267090,638.339233,638.411438,638.483643,638.555786,638.627991,638.700134,638.772339,638.844482,638.916687,638.988831,639.061035,639.133179,639.205322,639.277527,639.349670,639.421814,639.494019,639.566162,639.638306,639.710449,639.782654,639.854797,639.926941,639.999084,640.071228,640.143372,640.215515,640.287659,640.359863,640.432007,640.504150,640.576233,640.648376,640.720520,640.792664,640.864807,640.936951,641.009094,641.081238,641.153320,641.225464,641.297607,641.369751,641.441833,641.513977,641.586121,641.658203,641.730347,641.802490,641.874573,641.946716,642.018799,642.090942,642.163025,642.235168,642.307251,642.379395,642.451477,642.523560,642.595703,642.667786,642.739868,642.812012,642.884094,642.956177,643.028259,643.100403,643.172485,643.244568,643.316650,643.388733,643.460815,643.532898,643.604980,643.677063,643.749146,643.821228,643.893311,643.965393,644.037476,644.109558,644.181641,644.253723,644.325806,644.397827,644.469910,644.541992,644.614075,644.686096,644.758179,644.830261,644.902283,644.974365,645.046448,645.118469,645.190552,645.262573,645.334656,645.406677,645.478760,645.550781,645.622864,645.694885,645.766968,645.838989,645.911011,645.983093,646.055115,646.127136,646.199158,646.271240,646.343262,646.415283,646.487305,646.559326,646.631348,646.703369,646.775452,646.847473,646.919495,646.991516,647.063538,647.135559,647.207520,647.279541,647.351563,647.423584,647.495605,647.567627,647.639648,647.711609,647.783630,647.855652,647.927673,647.999634,648.071655,648.143677,648.215637,648.287659,648.359619,648.431641,648.503601,648.575623,648.647583,648.719604,648.791565,648.863586,648.935547,649.007507,649.079529,649.151489,649.223450,649.295471,649.367432,649.439392,649.511353,649.583374,649.655334,649.727295,649.799255,649.871216,649.943176,650.015137,650.087097,650.159058,650.231018,650.302979,650.374939,650.446899,650.518860,650.590820,650.662781,650.734680,650.806641,650.878601,650.950562,651.022522,651.094421,651.166382,651.238342,651.310242,651.382202,651.454102,651.526062,651.598022,651.669922,651.741882,651.813782,651.885681,651.957642,652.029541,652.101501,652.173401,652.245300,652.317261,652.389160,652.461060
pdY = 575.000000,579.000000,568.000000,576.000000,568.000000,571.000000,565.000000,569.000000,573.000000,580.000000,578.000000,573.000000,567.000000,567.000000,579.000000,569.000000,567.000000,574.000000,571.000000,573.000000,570.000000,569.000000,581.000000,575.000000,573.000000,565.000000,564.000000,571.000000,572.000000,579.000000,578.000000,572.000000,578.000000,572.000000,577.000000,573.000000,570.000000,576.000000,573.000000,567.000000,565.000000,576.000000,576.000000,571.000000,574.000000,574.000000,575.000000,574.000000,572.000000,567.000000,575.000000,573.000000,567.000000,575.000000,573.000000,575.000000,580.000000,585.000000,578.000000,568.000000,572.000000,578.000000,572.000000,574.000000,575.000000,584.000000,581.000000,576.000000,571.000000,584.000000,582.000000,574.000000,576.000000,577.000000,575.000000,579.000000,576.000000,572.000000,571.000000,579.000000,573.000000,575.000000,577.000000,582.000000,581.000000,571.000000,582.000000,570.000000,569.000000,564.000000,580.000000,590.000000,565.000000,574.000000,572.000000,575.000000,575.000000,580.000000,567.000000,565.000000,570.000000,573.000000,576.000000,570.000000,574.000000,571.000000,579.000000,584.000000,572.000000,580.000000,574.000000,571.000000,569.000000,569.000000,589.000000,571.000000,574.000000,573.000000,577.000000,573.000000,580.000000,575.000000,573.000000,579.000000,574.000000,572.000000,569.000000,579.000000,582.000000,578.000000,582.000000,573.000000,582.000000,577.000000,581.000000,567.000000,570.000000,575.000000,580.000000,581.000000,576.000000,572.000000,574.000000,572.000000,574.000000,583.000000,575.000000,575.000000,575.000000,576.000000,579.000000,577.000000,582.000000,577.000000,580.000000,577.000000,572.000000,582.000000,572.000000,577.000000,574.000000,583.000000,577.000000,576.000000,572.000000,576.000000,575.000000,582.000000,573.000000,576.000000,575.000000,570.000000,571.000000,572.000000,575.000000,576.000000,565.000000,578.000000,578.000000,574.000000,578.000000,560.000000,582.000000,579.000000,576.000000,571.000000,581.000000,574.000000,576.000000,573.000000,578.000000,574.000000,580.000000,577.000000,574.000000,580.000000,570.000000,570.000000,577.000000,576.000000,578.000000,572.000000,577.000000,584.000000,581.000000,574.000000,576.000000,578.000000,579.000000,584.000000,573.000000,573.000000,577.000000,571.000000,576.000000,575.000000,576.000000,573.000000,566.000000,568.000000,567.000000,578.000000,565.000000,587.000000,573.000000,568.000000,580.000000,574.000000,571.000000,569.000000,567.000000,581.000000,571.000000,574.000000,577.000000,578.000000,570.000000,575.000000,567.000000,575.000000,574.000000,581.000000,586.000000,583.000000,578.000000,580.000000,574.000000,574.000000,574.000000,567.000000,575.000000,571.000000,571.000000,583.000000,580.000000,574.000000,582.000000,574.000000,576.000000,575.000000,581.000000,579.000000,577.000000,569.000000,580.000000,565.000000,584.000000,584.000000,577.000000,572.000000,575.000000,579.000000,582.000000,564.000000,578.000000,574.000000,573.000000,575.000000,579.000000,572.000000,565.000000,574.000000,568.000000,577.000000,586.000000,571.000000,581.000000,577.000000,579.000000,574.000000,577.000000,594.000000,580.000000,575.000000,575.000000,574.000000,577.000000,580.000000,568.000000,567.000000,576.000000,574.000000,570.000000,575.000000,568.000000,575.000000,568.000000,569.000000,566.000000,572.000000,570.000000,573.000000,573.000000,575.000000,573.000000,571.000000,573.000000,570.000000,565.000000,574.000000,571.000000,574.000000,580.000000,568.000000,567.000000,579.000000,568.000000,574.000000,563.000000,575.000000,570.000000,574.000000,565.000000,572.000000,581.000000,574.000000,579.000000,576.000000,569.000000,577.000000,570.000000,579.000000,586.000000,570.000000,578.000000,566.000000,574.000000,575.000000,570.000000,572.000000,580.000000,572.000000,577.000000,570.000000,575.000000,577.000000,580.000000,577.000000,572.000000,571.000000,576.000000,577.000000,575.000000,578.000000,561.000000,570.000000,587.000000,582.000000,579.000000,578.000000,562.000000,578.000000,577.000000,575.000000,575.000000,580.000000,583.000000,577.000000,569.000000,577.000000,580.000000,574.000000,576.000000,575.000000,574.000000,581.000000,564.000000,575.000000,590.000000,573.000000,589.000000,572.000000,582.000000,584.000000,579.000000,585.000000,578.000000,600.000000,586.000000,579.000000,591.000000,600.000000,600.000000,614.000000,651.000000,685.000000,737.000000,835.000000,930.000000,1089.000000,1452.000000,1870.000000,2233.000000,2337.000000,2430.000000,2373.000000,2187.000000,1749.000000,1402.000000,1105.000000,967.000000,875.000000,803.000000,749.000000,706.000000,677.000000,643.000000,640.000000,615.000000,618.000000,635.000000,613.000000,627.000000,627.000000,654.000000,664.000000,731.000000,860.000000,1043.000000,1329.000000,1620.000000,2007.000000,2318.000000,2500.000000,2619.000000,2676.000000,2719.000000,2718.000000,2652.000000,2670.000000,2695.000000,2641.000000,2712.000000,2626.000000,2634.000000,2690.000000,2686.000000,2696.000000,2710.000000,2650.000000,2719.000000,2676.000000,2686.000000,2657.000000,2656.000000,2699.000000,2683.000000,2637.000000,2623.000000,2657.000000,2688.000000,2692.000000,2696.000000,2723.000000,2681.000000,2720.000000,2689.000000,2722.000000,2694.000000,2659.000000,2636.000000,2673.000000,2681.000000,2698.000000,2710.000000,2650.000000,2691.000000,2656.000000,2697.000000,2620.000000,2653.000000,2701.000000,2665.000000,2658.000000,2632.000000,2660.000000,2658.000000,2691.000000,2703.000000,2690.000000,2706.000000,2710.000000,2708.000000,2685.000000,2680.000000,2710.000000,2758.000000,2732.000000,2679.000000,2697.000000,2720.000000,2776.000000,2694.000000,2735.000000,2730.000000,2706.000000,2706.000000,2707.000000,2714.000000,2694.000000,2722.000000,2705.000000,2742.000000,2721.000000,2677.000000,2701.000000,2745.000000,2732.000000,2761.000000,2775.000000,2754.000000,2725.000000,2791.000000,2793.000000,2736.000000,2767.000000,2741.000000,2740.000000,2738.000000,2737.000000,2749.000000,2675.000000,2708.000000,2683.000000,2715.000000,2654.000000,2684.000000,2713.000000,2699.000000,2752.000000,2729.000000,2718.000000,2696.000000,2743.000000,2754.000000,2741.000000,2691.000000,2733.000000,2706.000000,2735.000000,2718.000000,2770.000000,2682.000000,2700.000000,2692.000000,2713.000000,2639.000000,2676.000000,2763.000000,2710.000000,2731.000000,2697.000000,2693.000000,2683.000000,2711.000000,2693.000000,2745.000000,2708.000000,2747.000000,2698.000000,2690.000000,2765.000000,2679.000000,2700.000000,2727.000000,2682.000000,2740.000000,2736.000000,2698.000000,2707.000000,2674.000000,2680.000000,2709.000000,2656.000000,2699.000000,2720.000000,2720.000000,2647.000000,2708.000000,2692.000000,2688.000000,2707.000000,2736.000000,2713.000000,2710.000000,2697.000000,2692.000000,2718.000000,2779.000000,2723.000000,2779.000000,2811.000000,2873.000000,3059.000000,3180.000000,3415.000000,4117.000000,5077.000000,5773.000000,6144.000000,6588.000000,6622.000000,6004.000000,4440.000000,3389.000000,3064.000000,2936.000000,2849.000000,2793.000000,2787.000000,2768.000000,2788.000000,2748.000000,2716.000000,2748.000000,2702.000000,2737.000000,2673.000000,2688.000000,2702.000000,2662.000000,2687.000000,2707.000000,2632.000000,2622.000000,2623.000000,2650.000000,2672.000000,2651.000000,2677.000000,2734.000000,2705.000000,2700.000000,2689.000000,2675.000000,2706.000000,2702.000000,2679.000000,2717.000000,2738.000000,2741.000000,2704.000000,2712.000000,2707.000000,2689.000000,2691.000000,2664.000000,2698.000000,2701.000000,2686.000000,2731.000000,2702.000000,2729.000000,2653.000000,2706.000000,2648.000000,2651.000000,2687.000000,2707.000000,2701.000000,2695.000000,2683.000000,2739.000000,2695.000000,2671.000000,2704.000000,2633.000000,2669.000000,2650.000000,2674.000000,2752.000000,2716.000000,2700.000000,2666.000000,2684.000000,2687.000000,2709.000000,2724.000000,2699.000000,2738.000000,2718.000000,2672.000000,2677.000000,2700.000000,2706.000000,2648.000000,2714.000000,2656.000000,2723.000000,2709.000000,2706.000000,2659.000000,2660.000000,2711.000000,2685.000000,2703.000000,2663.000000,2670.000000,2641.000000,2677.000000,2653.000000,2735.000000,2655.000000,2718.000000,2722.000000,2708.000000,2678.000000,2630.000000,2723.000000,2706.000000,2630.000000,2686.000000,2732.000000,2682.000000,2671.000000,2707.000000,2709.000000,2679.000000,2719.000000,2679.000000,2654.000000,2716.000000,2706.000000,2726.000000,2689.000000,2714.000000,2730.000000,2654.000000,2673.000000,2679.000000,2696.000000,2703.000000,2729.000000,2705.000000,2666.000000,2648.000000,2738.000000,2666.000000,2727.000000,2645.000000,2700.000000,2700.000000,2703.000000,2687.000000,2675.000000,2675.000000,2683.000000,2678.000000,2706.000000,2698.000000,2699.000000,2673.000000,2664.000000,2745.000000,2717.000000,2699.000000,2703.000000,2684.000000,2689.000000,2723.000000,2713.000000,2711.000000,2727.000000,2681.000000,2743.000000,2708.000000,2721.000000,2705.000000,2738.000000,2751.000000,2774.000000,2744.000000,2757.000000,2775.000000,2793.000000,2786.000000,2768.000000,2829.000000,2853.000000,2810.000000,2805.000000,2850.000000,2836.000000,2826.000000,2841.000000,2830.000000,2832.000000,2818.000000,2782.000000,2830.000000,2829.000000,2833.000000,2831.000000,2778.000000,2732.000000,2833.000000,2766.000000,2745.000000,2739.000000,2752.000000,2760.000000,2762.000000,2775.000000,2733.000000,2679.000000,2669.000000,2672.000000,2727.000000,2701.000000,2682.000000,2687.000000,2673.000000,2659.000000,2696.000000,2681.000000,2690.000000,2685.000000,2661.000000,2692.000000,2644.000000,2606.000000,2599.000000,2646.000000,2652.000000,2672.000000,2692.000000,2687.000000,2666.000000,2686.000000,2688.000000,2674.000000,2652.000000,2669.000000,2649.000000,2656.000000,2675.000000,2662.000000,2686.000000,2648.000000,2661.000000,2652.000000,2686.000000,2676.000000,2674.000000,2647.000000,2673.000000,2669.000000,2666.000000,2676.000000,2693.000000,2613.000000,2701.000000,2671.000000,2660.000000,2675.000000,2667.000000,2722.000000,2637.000000,2618.000000,2659.000000,2640.000000,2644.000000,2678.000000,2656.000000,2605.000000,2601.000000,2661.000000,2599.000000,2618.000000,2629.000000,2617.000000,2627.000000,2630.000000,2605.000000,2620.000000,2634.000000,2620.000000,2638.000000,2661.000000,2653.000000,2642.000000,2614.000000,2675.000000,2611.000000,2666.000000,2626.000000,2705.000000,2656.000000,2695.000000,2649.000000,2681.000000,2599.000000,2662.000000,2640.000000,2651.000000,2647.000000,2705.000000,2673.000000,2644.000000,2594.000000,2671.000000,2602.000000,2591.000000,2628.000000,2653.000000,2610.000000,2637.000000,2618.000000,2659.000000,2634.000000,2599.000000,2580.000000,2665.000000,2629.000000,2614.000000,2623.000000,2604.000000,2693.000000,2596.000000,2551.000000,2541.000000,2605.000000,2580.000000,2572.000000,2614.000000,2589.000000,2613.000000,2668.000000,2564.000000,2625.000000,2620.000000,2593.000000,2605.000000,2629.000000,2644.000000,2577.000000,2568.000000,2612.000000,2600.000000,2594.000000,2664.000000,2612.000000,2601.000000,2613.000000,2611.000000,2578.000000,2593.000000,2608.000000,2575.000000,2592.000000,2591.000000,2608.000000,2615.000000,2619.000000,2627.000000,2596.000000,2559.000000,2546.000000,2562.000000,2533.000000,2603.000000,2576.000000,2590.000000,2545.000000,2606.000000,2537.000000,2585.000000,2555.000000,2541.000000,2568.000000,2571.000000,2582.000000,2575.000000,2650.000000,2635.000000,2576.000000,2594.000000,2627.000000,2571.000000,2556.000000,2654.000000,2596.000000,2578.000000,2629.000000,2612.000000,2651.000000,2584.000000,2611.000000,2594.000000,2558.000000,2594.000000,2567.000000,2585.000000,2597.000000,2613.000000,2572.000000,2560.000000,2618.000000,2586.000000,2574.000000,2563.000000,2567.000000,2586.000000,2537.000000,2550.000000,2589.000000,2539.000000,2563.000000,2511.000000,2554.000000,2575.000000,2554.000000,2538.000000,2578.000000,2545.000000,2509.000000,2532.000000,2503.000000,2584.000000,2585.000000,2546.000000,2593.000000,2551.000000,2556.000000,2580.000000,2538.000000,2537.000000,2539.000000,2598.000000,2568.000000,2533.000000,2586.000000,2546.000000,2570.000000,2546.000000,2500.000000,2573.000000,2556.000000,2570.000000,2580.000000,2575.000000,2592.000000,2514.000000,2565.000000,2598.000000,2525.000000,2596.000000,2531.000000,2542.000000,2531.000000,2577.000000,2591.000000,2552.000000,2600.000000,2526.000000,2562.000000,2593.000000,2558.000000,2582.000000,2544.000000,2549.000000,2578.000000,2535.000000,2547.000000,2559.000000,2486.000000,2537.000000,2555.000000,2587.000000,2573.000000,2527.000000,2543.000000,2550.000000,2575.000000,2572.000000,2568.000000,2549.000000,2597.000000,2561.000000,2561.000000,2561.000000,2515.000000,2591.000000,2598.000000,2603.000000,2603.000000,2587.000000,2537.000000,2536.000000,2563.000000,2598.000000,2554.000000,2588.000000,2585.000000,2564.000000,2550.000000,2588.000000,2581.000000,2552.000000,2546.000000,2642.000000,2535.000000,2552.000000,2580.000000,2558.000000,2514.000000,2589.000000,2541.000000,2548.000000,2499.000000,2515.000000,2525.000000,2510.000000,2504.000000,2565.000000,2519.000000,2513.000000,2569.000000,2525.000000,2535.000000,2536.000000,2527.000000,2563.000000,2503.000000,2534.000000,2526.000000,2575.000000,2533.000000,2591.000000,2514.000000,2542.000000,2561.000000,2562.000000,2569.000000,2539.000000,2544.000000,2544.000000,2556.000000,2553.000000,2546.000000,2542.000000,2536.000000,2547.000000,2569.000000,2504.000000,2509.000000,2549.000000,2546.000000,2526.000000,2524.000000,2521.000000,2520.000000,2589.000000,2588.000000,2538.000000,2558.000000,2561.000000,2595.000000,2591.000000,2559.000000,2502.000000,2514.000000,2498.000000,2521.000000,2515.000000,2544.000000,2533.000000,2528.000000,2480.000000,2545.000000,2490.000000,2516.000000,2474.000000,2507.000000,2517.000000,2510.000000,2529.000000,2502.000000,2513.000000,2523.000000,2517.000000,2577.000000,2500.000000,2514.000000,2467.000000,2538.000000,2540.000000,2552.000000,2519.000000,2495.000000,2528.000000,2542.000000,2550.000000,2478.000000,2571.000000,2515.000000,2553.000000,2524.000000,2510.000000,2520.000000,2499.000000,2550.000000,2487.000000,2542.000000,2526.000000,2531.000000,2529.000000,2524.000000,2507.000000,2524.000000,2490.000000,2562.000000,2546.000000,2536.000000,2488.000000,2507.000000,2479.000000,2531.000000,2519.000000,2511.000000,2510.000000,2523.000000,2491.000000,2507.000000,2477.000000,2500.000000,2502.000000,2511.000000,2529.000000,2538.000000,2508.000000,2473.000000,2529.000000,2465.000000,2506.000000,2547.000000,2509.000000,2516.000000,2464.000000,2525.000000,2516.000000,2493.000000,2509.000000,2509.000000,2477.000000,2466.000000,2551.000000,2528.000000,2501.000000,2526.000000,2528.000000,2492.000000,2513.000000,2535.000000,2526.000000,2529.000000,2507.000000,2514.000000,2570.000000,2503.000000,2524.000000,2505.000000,2527.000000,2517.000000,2514.000000,2498.000000,2520.000000,2540.000000,2529.000000,2516.000000,2526.000000,2513.000000,2512.000000,2565.000000,2498.000000,2558.000000,2520.000000,2557.000000,2512.000000,2520.000000,2461.000000,2529.000000,2522.000000,2495.000000,2514.000000,2508.000000,2457.000000,2499.000000,2495.000000,2482.000000,2520.000000,2501.000000,2450.000000,2586.000000,2503.000000,2491.000000,2527.000000,2492.000000,2483.000000,2494.000000,2530.000000,2522.000000,2520.000000,2510.000000,2497.000000,2471.000000,2524.000000,2516.000000,2520.000000,2499.000000,2498.000000,2525.000000,2506.000000,2493.000000,2481.000000,2549.000000,2530.000000,2546.000000,2505.000000,2496.000000,2526.000000,2499.000000,2478.000000,2494.000000,2525.000000,2512.000000,2522.000000,2506.000000,2528.000000,2508.000000,2519.000000,2488.000000,2489.000000,2487.000000,2527.000000,2503.000000,2529.000000,2530.000000,2512.000000,2498.000000,2486.000000,2520.000000,2517.000000,2556.000000,2535.000000,2531.000000,2456.000000,2509.000000,2497.000000,2492.000000,2476.000000,2528.000000,2523.000000,2489.000000,2507.000000,2529.000000,2507.000000,2492.000000,2498.000000,2483.000000,2503.000000,2524.000000,2522.000000,2517.000000,2502.000000,2481.000000,2487.000000,2527.000000,2498.000000,2488.000000,2536.000000,2462.000000,2535.000000,2466.000000,2531.000000,2514.000000,2526.000000,2532.000000,2480.000000,2515.000000,2505.000000,2470.000000,2513.000000,2514.000000,2522.000000,2462.000000,2470.000000,2460.000000,2487.000000,2507.000000,2476.000000,2492.000000,2478.000000,2495.000000,2498.000000,2508.000000,2511.000000,2478.000000,2455.000000,2483.000000,2462.000000,2506.000000,2473.000000,2503.000000,2481.000000,2507.000000,2482.000000,2503.000000,2480.000000,2483.000000,2515.000000,2460.000000,2476.000000,2445.000000,2505.000000,2504.000000,2479.000000,2534.000000,2490.000000,2490.000000,2505.000000,2479.000000,2482.000000,2501.000000,2484.000000,2487.000000,2490.000000,2485.000000,2520.000000,2555.000000,2509.000000,2490.000000,2464.000000,2466.000000,2476.000000,2456.000000,2452.000000,2455.000000,2485.000000,2513.000000,2499.000000,2444.000000,2451.000000,2474.000000,2483.000000,2430.000000,2537.000000,2505.000000,2477.000000,2486.000000,2488.000000,2502.000000,2490.000000,2490.000000,2536.000000,2518.000000,2481.000000,2475.000000,2476.000000,2439.000000,2451.000000,2509.000000,2452.000000,2406.000000,2423.000000,2455.000000,2454.000000,2474.000000,2508.000000,2465.000000,2500.000000,2484.000000,2485.000000,2462.000000,2414.000000,2428.000000,2457.000000,2452.000000,2502.000000,2483.000000,2453.000000,2494.000000,2465.000000,2489.000000,2489.000000,2487.000000,2453.000000,2490.000000,2443.000000,2497.000000,2456.000000,2456.000000,2444.000000,2468.000000,2446.000000,2458.000000,2466.000000,2430.000000,2460.000000,2475.000000,2474.000000,2463.000000,2441.000000,2468.000000,2446.000000,2468.000000,2435.000000,2480.000000,2484.000000,2441.000000,2392.000000,2443.000000,2446.000000,2395.000000,2469.000000,2435.000000,2437.000000,2448.000000,2437.000000,2450.000000,2444.000000,2453.000000,2461.000000,2395.000000,2452.000000,2417.000000,2456.000000,2434.000000,2437.000000,2432.000000,2435.000000,2405.000000,2431.000000,2443.000000,2433.000000,2449.000000,2468.000000,2430.000000,2424.000000,2481.000000,2429.000000,2427.000000,2437.000000,2365.000000,2461.000000,2429.000000,2399.000000,2419.000000,2391.000000,2460.000000,2428.000000,2433.000000,2412.000000,2483.000000,2385.000000,2422.000000,2427.000000,2418.000000,2412.000000,2433.000000,2413.000000,2435.000000,2416.000000,2449.000000,2405.000000,2426.000000,2425.000000,2481.000000,2442.000000,2451.000000,2422.000000,2408.000000,2457.000000,2400.000000,2485.000000,2469.000000,2419.000000,2407.000000,2396.000000,2439.000000,2403.000000,2410.000000,2367.000000,2397.000000,2425.000000,2449.000000,2420.000000,2407.000000,2402.000000,2436.000000,2400.000000,2401.000000,2443.000000,2424.000000,2452.000000,2444.000000,2427.000000,2403.000000,2406.000000,2415.000000,2419.000000,2425.000000,2424.000000,2392.000000,2439.000000,2406.000000,2423.000000,2441.000000,2440.000000,2393.000000,2442.000000,2410.000000,2364.000000,2470.000000,2392.000000,2405.000000,2422.000000,2410.000000,2409.000000,2348.000000,2435.000000,2377.000000,2391.000000,2377.000000,2390.000000,2434.000000,2396.000000,2391.000000,2393.000000,2381.000000,2408.000000,2396.000000,2359.000000,2382.000000,2333.000000,2408.000000,2406.000000,2379.000000,2400.000000,2422.000000,2380.000000,2381.000000,2408.000000,2376.000000,2386.000000,2368.000000,2322.000000,2368.000000,2391.000000,2419.000000,2402.000000,2385.000000,2314.000000,2352.000000,2392.000000,2349.000000,2404.000000,2357.000000,2344.000000,2378.000000,2368.000000,2410.000000,2324.000000,2336.000000,2350.000000,2376.000000,2370.000000,2376.000000,2358.000000,2340.000000,2380.000000,2330.000000,2365.000000,2342.000000,2362.000000,2328.000000,2333.000000,2341.000000,2375.000000,2379.000000,2371.000000,2343.000000,2323.000000,2389.000000,2372.000000,2349.000000,2369.000000,2364.000000,2298.000000,2330.000000,2373.000000,2347.000000,2369.000000,2319.000000,2347.000000,2346.000000,2322.000000,2305.000000,2361.000000,2326.000000,2313.000000,2333.000000,2373.000000,2334.000000,2364.000000,2349.000000,2349.000000,2374.000000,2283.000000,2303.000000,2272.000000,2325.000000,2282.000000,2356.000000,2326.000000,2318.000000,2308.000000,2288.000000,2279.000000,2307.000000,2321.000000,2332.000000,2275.000000,2284.000000,2281.000000,2332.000000,2311.000000,2294.000000,2303.000000,2296.000000,2312.000000,2284.000000,2322.000000,2299.000000,2274.000000,2277.000000,2327.000000,2308.000000,2327.000000,2281.000000,2286.000000,2326.000000,2271.000000,2314.000000,2298.000000,2322.000000,2309.000000,2284.000000,2256.000000,2235.000000,2252.000000,2319.000000,2275.000000,2315.000000,2280.000000,2303.000000,2278.000000,2264.000000,2309.000000,2298.000000,2285.000000,2337.000000,2329.000000,2259.000000,2279.000000,2261.000000,2208.000000,2273.000000,2253.000000,2293.000000,2236.000000,2319.000000,2259.000000,2271.000000,2293.000000,2272.000000,2223.000000,2259.000000,2244.000000,2285.000000,2324.000000,2299.000000,2238.000000,2259.000000,2239.000000,2269.000000,2214.000000,2234.000000,2273.000000,2284.000000,2231.000000,2219.000000,2214.000000,2194.000000,2246.000000,2202.000000,2218.000000,2231.000000,2220.000000,2223.000000,2252.000000,2250.000000,2241.000000,2235.000000,2172.000000,2253.000000,2216.000000,2262.000000,2193.000000,2262.000000,2270.000000,2281.000000,2215.000000,2283.000000,2211.000000,2219.000000,2234.000000,2201.000000,2234.000000,2212.000000,2164.000000,2199.000000,2210.000000,2186.000000,2239.000000,2223.000000,2186.000000,2210.000000,2211.000000,2175.000000,2248.000000,2200.000000,2186.000000,2195.000000,2156.000000,2199.000000,2153.000000,2173.000000,2170.000000,2220.000000,2214.000000,2125.000000,2229.000000,2166.000000,2171.000000,2191.000000,2180.000000,2202.000000,2155.000000,2203.000000,2161.000000,2184.000000,2197.000000,2150.000000,2227.000000,2164.000000,2201.000000,2172.000000,2190.000000,2119.000000,2163.000000,2180.000000,2129.000000,2174.000000,2160.000000,2172.000000,2132.000000,2116.000000,2139.000000,2118.000000,2108.000000,2171.000000,2153.000000,2121.000000,2131.000000,2157.000000,2129.000000,2135.000000,2168.000000,2139.000000,2152.000000,2148.000000,2126.000000,2136.000000,2122.000000,2115.000000,2128.000000,2127.000000,2099.000000,2152.000000,2108.000000,2122.000000,2129.000000,2149.000000,2088.000000,2086.000000,2113.000000,2103.000000,2130.000000,2078.000000,2079.000000,2102.000000,2086.000000,2131.000000,2079.000000,2105.000000,2056.000000,2079.000000,2074.000000,2108.000000,2099.000000,2118.000000,2099.000000,2130.000000,2112.000000,2108.000000,2089.000000,2115.000000,2068.000000,2083.000000,2101.000000,2043.000000,2078.000000,2072.000000,2063.000000,2097.000000,2089.000000,2082.000000,2071.000000,2104.000000,2046.000000,2063.000000,2052.000000,2035.000000,2071.000000,2066.000000,2056.000000,2044.000000,2057.000000,2026.000000,2042.000000,2018.000000,2025.000000,2050.000000,2026.000000,2050.000000,2047.000000,2028.000000,2006.000000,2054.000000,2003.000000,1963.000000,2019.000000,2042.000000,2088.000000,2006.000000,2049.000000,2030.000000,2001.000000,1999.000000,1985.000000,1977.000000,2013.000000,2030.000000,1996.000000,2015.000000,2025.000000,1969.000000,1966.000000,1972.000000,1973.000000,2018.000000,1980.000000,2019.000000,1968.000000,1986.000000,1986.000000,1953.000000,1993.000000,1972.000000
nFuncNum = 0