strScanMode = 
strWave = 532nm
powervalue = 0.3
pinhole = 0
grating = 2-G600B500
slit = 0
ExpTime = 0.3
unit = nm
strCenterWave = 0
strStartWave = 0
strEndWave = 0
totalnum = 1
strInterFlg = 
strIntervaltime = 
intervalnum = 0
haveTitle = true
dataFrom = 0
laserWaveLength = 532.2
pdX = 539.508606,539.547607,539.621033,539.694519,539.768005,539.841492,539.914978,539.988403,540.061890,540.135376,540.208862,540.282288,540.355774,540.429260,540.502686,540.576172,540.649658,540.723083,540.796570,540.870056,540.943481,541.016968,541.090454,541.163879,541.237366,541.310791,541.384277,541.457703,541.531189,541.604614,541.678101,541.751587,541.825012,541.898499,541.971924,542.045410,542.118835,542.192261,542.265747,542.339172,542.412659,542.486084,542.559570,542.632996,542.706421,542.779907,542.853333,542.926758,543.000244,543.073669,543.147095,543.220581,543.294006,543.367432,543.440918,543.514343,543.587769,543.661194,543.734680,543.808105,543.881531,543.954956,544.028442,544.101868,544.175293,544.248718,544.322144,544.395569,544.469055,544.542480,544.615906,544.689331,544.762756,544.836182,544.909607,544.983032,545.056458,545.129883,545.203308,545.276794,545.350220,545.423645,545.497070,545.570496,545.643860,545.717285,545.790710,545.864136,545.937561,546.010986,546.084412,546.157837,546.231262,546.304688,546.378113,546.451538,546.524902,546.598328,546.671753,546.745178,546.818604,546.891968,546.965393,547.038818,547.112244,547.185669,547.259033,547.332458,547.405884,547.479248,547.552673,547.626099,547.699524,547.772888,547.846313,547.919678,547.993103,548.066528,548.139893,548.213318,548.286743,548.360107,548.433533,548.506897,548.580322,548.653687,548.727112,548.800476,548.873901,548.947266,549.020691,549.094055,549.167480,549.240845,549.314270,549.387634,549.461060,549.534424,549.607788,549.681213,549.754578,549.828003,549.901367,549.974731,550.048157,550.121521,550.194885,550.268250,550.341675,550.415039,550.488403,550.561829,550.635193,550.708557,550.781921,550.855286,550.928711,551.002075,551.075439,551.148804,551.222168,551.295532,551.368958,551.442322,551.515686,551.589050,551.662415,551.735779,551.809143,551.882507,551.955872,552.029236,552.102600,552.175964,552.249329,552.322693,552.396057,552.469421,552.542786,552.616150,552.689514,552.762878,552.836243,552.909607,552.982971,553.056335,553.129639,553.203003,553.276367,553.349731,553.423096,553.496460,553.569763,553.643127,553.716492,553.789856,553.863159,553.936523,554.009888,554.083252,554.156555,554.229919,554.303284,554.376587,554.449951,554.523315,554.596619,554.669983,554.743286,554.816650,554.890015,554.963318,555.036682,555.109985,555.183350,555.256653,555.330017,555.403320,555.476685,555.549988,555.623352,555.696655,555.770020,555.843323,555.916687,555.989990,556.063293,556.136658,556.209961,556.283325,556.356628,556.429932,556.503296,556.576599,556.649902,556.723206,556.796570,556.869873,556.943176,557.016541,557.089844,557.163147,557.236450,557.309753,557.383118,557.456421,557.529724,557.603027,557.676331,557.749634,557.822937,557.896301,557.969604,558.042908,558.116211,558.189514,558.262817,558.336121,558.409424,558.482727,558.556030,558.629333,558.702637,558.775940,558.849243,558.922546,558.995850,559.069153,559.142456,559.215698,559.289001,559.362305,559.435608,559.508911,559.582214,559.655457,559.728760,559.802063,559.875366,559.948669,560.021912,560.095215,560.168518,560.241821,560.315063,560.388367,560.461670,560.534912,560.608215,560.681519,560.754761,560.828064,560.901306,560.974609,561.047913,561.121155,561.194458,561.267700,561.341003,561.414246,561.487549,561.560791,561.634094,561.707336,561.780640,561.853882,561.927185,562.000427,562.073730,562.146973,562.220215,562.293518,562.366760,562.440002,562.513306,562.586548,562.659790,562.733093,562.806335,562.879578,562.952820,563.026123,563.099365,563.172607,563.245850,563.319153,563.392395,563.465637,563.538879,563.612122,563.685364,563.758606,563.831909,563.905151,563.978394,564.051636,564.124878,564.198120,564.271362,564.344604,564.417847,564.491089,564.564331,564.637573,564.710815,564.784058,564.857300,564.930542,565.003784,565.077026,565.150208,565.223450,565.296692,565.369934,565.443176,565.516418,565.589600,565.662842,565.736084,565.809326,565.882507,565.955750,566.028992,566.102234,566.175415,566.248657,566.321899,566.395081,566.468323,566.541565,566.614746,566.687988,566.761169,566.834412,566.907654,566.980835,567.054077,567.127258,567.200500,567.273682,567.346924,567.420105,567.493347,567.566528,567.639771,567.712952,567.786133,567.859375,567.932556,568.005798,568.078979,568.152161,568.225403,568.298584,568.371765,568.445007,568.518188,568.591370,568.664551,568.737793,568.810974,568.884155,568.957336,569.030579,569.103760,569.176941,569.250122,569.323303,569.396484,569.469666,569.542847,569.616089,569.689270,569.762451,569.835632,569.908813,569.981995,570.055176,570.128357,570.201538,570.274719,570.347900,570.421082,570.494263,570.567383,570.640564,570.713745,570.786926,570.860107,570.933289,571.006470,571.079590,571.152771,571.225952,571.299133,571.372314,571.445435,571.518616,571.591797,571.664917,571.738098,571.811279,571.884399,571.957581,572.030762,572.103882,572.177063,572.250244,572.323364,572.396545,572.469666,572.542847,572.615967,572.689148,572.762268,572.835449,572.908569,572.981750,573.054871,573.128052,573.201172,573.274353,573.347473,573.420593,573.493774,573.566895,573.640015,573.713196,573.786316,573.859436,573.932617,574.005737,574.078857,574.151978,574.225159,574.298279,574.371399,574.444519,574.517639,574.590820,574.663940,574.737061,574.810181,574.883301,574.956421,575.029541,575.102661,575.175781,575.248901,575.322021,575.395142,575.468262,575.541382,575.614502,575.687622,575.760742,575.833862,575.906982,575.980103,576.053223,576.126343,576.199402,576.272522,576.345642,576.418762,576.491882,576.564941,576.638062,576.711182,576.784302,576.857361,576.930481,577.003601,577.076721,577.149780,577.222900,577.296021,577.369080,577.442200,577.515259,577.588379,577.661438,577.734558,577.807678,577.880737,577.953857,578.026917,578.100037,578.173096,578.246155,578.319275,578.392334,578.465454,578.538513,578.611633,578.684692,578.757751,578.830872,578.903931,578.976990,579.050110,579.123169,579.196228,579.269287,579.342407,579.415466,579.488525,579.561584,579.634644,579.707703,579.780823,579.853882,579.926941,580.000000,580.073059,580.146118,580.219177,580.292236,580.365295,580.438354,580.511414,580.584473,580.657532,580.730591,580.803650,580.876709,580.949768,581.022827,581.095886,581.168945,581.242004,581.315002,581.388062,581.461121,581.534180,581.607239,581.680237,581.753296,581.826355,581.899414,581.972412,582.045471,582.118530,582.191528,582.264587,582.337646,582.410645,582.483704,582.556702,582.629761,582.702820,582.775818,582.848877,582.921875,582.994934,583.067932,583.140991,583.213989,583.287048,583.360046,583.433044,583.506104,583.579102,583.652100,583.725159,583.798157,583.871216,583.944214,584.017212,584.090210,584.163269,584.236267,584.309265,584.382263,584.455322,584.528320,584.601318,584.674316,584.747314,584.820313,584.893311,584.966370,585.039368,585.112366,585.185364,585.258362,585.331360,585.404358,585.477356,585.550354,585.623352,585.696350,585.769348,585.842285,585.915283,585.988281,586.061279,586.134277,586.207275,586.280273,586.353210,586.426208,586.499207,586.572205,586.645203,586.718140,586.791138,586.864136,586.937073,587.010071,587.083069,587.156006,587.229004,587.302002,587.374939,587.447937,587.520874,587.593872,587.666809,587.739807,587.812744,587.885742,587.958679,588.031677,588.104614,588.177612,588.250549,588.323486,588.396484,588.469421,588.542358,588.615356,588.688293,588.761230,588.834229,588.907166,588.980103,589.053040,589.126038,589.198975,589.271912,589.344849,589.417786,589.490723,589.563721,589.636658,589.709595,589.782532,589.855469,589.928406,590.001343,590.074280,590.147217,590.220154,590.293091,590.366028,590.438965,590.511902,590.584839,590.657776,590.730652,590.803589,590.876526,590.949463,591.022400,591.095337,591.168213,591.241150,591.314087,591.387024,591.459900,591.532837,591.605774,591.678650,591.751587,591.824524,591.897400,591.970337,592.043213,592.116150,592.189087,592.261963,592.334900,592.407776,592.480713,592.553589,592.626526,592.699402,592.772278,592.845215,592.918091,592.991028,593.063904,593.136780,593.209717,593.282593,593.355469,593.428406,593.501282,593.574158,593.647034,593.719910,593.792847,593.865723,593.938599,594.011475,594.084351,594.157227,594.230164,594.303040,594.375916,594.448792,594.521667,594.594543,594.667419,594.740295,594.813171,594.886047,594.958923,595.031799,595.104614,595.177490,595.250366,595.323242,595.396118,595.468994,595.541870,595.614685,595.687561,595.760437,595.833313,595.906128,595.979004,596.051880,596.124695,596.197571,596.270447,596.343262,596.416138,596.489014,596.561829,596.634705,596.707520,596.780396,596.853210,596.926086,596.998901,597.071777,597.144592,597.217468,597.290283,597.363098,597.435974,597.508789,597.581665,597.654480,597.727295,597.800110,597.872986,597.945801,598.018616,598.091431,598.164307,598.237122,598.309937,598.382751,598.455566,598.528442,598.601257,598.674072,598.746887,598.819702,598.892517,598.965332,599.038147,599.110962,599.183777,599.256592,599.329407,599.402222,599.475037,599.547852,599.620605,599.693420,599.766235,599.839050,599.911865,599.984680,600.057434,600.130249,600.203064,600.275879,600.348633,600.421448,600.494263,600.567017,600.639832,600.712646,600.785400,600.858215,600.930969,601.003784,601.076538,601.149353,601.222107,601.294922,601.367676,601.440491,601.513245,601.586060,601.658813,601.731567,601.804382,601.877136,601.949951,602.022705,602.095459,602.168213,602.241028,602.313782,602.386536,602.459290,602.532104,602.604858,602.677612,602.750366,602.823120,602.895874,602.968628,603.041382,603.114197,603.186951,603.259705,603.332458,603.405212,603.477966,603.550659,603.623413,603.696167,603.768921,603.841675,603.914429,603.987183,604.059937,604.132629,604.205383,604.278137,604.350891,604.423645,604.496338,604.569092,604.641846,604.714539,604.787292,604.860046,604.932739,605.005493,605.078186,605.150940,605.223694,605.296387,605.369141,605.441833,605.514587,605.587280,605.660034,605.732727,605.805420,605.878174,605.950867,606.023621,606.096313,606.169006,606.241699,606.314453,606.387146,606.459839,606.532593,606.605286,606.677979,606.750671,606.823364,606.896057,606.968811,607.041504,607.114197,607.186890,607.259583,607.332275,607.404968,607.477661,607.550354,607.623047,607.695740,607.768433,607.841125,607.913818,607.986450,608.059143,608.131836,608.204529,608.277222,608.349915,608.422546,608.495239,608.567932,608.640625,608.713257,608.785950,608.858643,608.931274,609.003967,609.076660,609.149292,609.221985,609.294617,609.367310,609.439941,609.512634,609.585266,609.657959,609.730591,609.803284,609.875916,609.948547,610.021240,610.093872,610.166504,610.239197,610.311829,610.384460,610.457153,610.529785,610.602417,610.675049,610.747742,610.820374,610.893005,610.965637,611.038269,611.110901,611.183533,611.256165,611.328796,611.401428,611.474060,611.546692,611.619324,611.691956,611.764587,611.837219,611.909851,611.982483,612.055115,612.127747,612.200378,612.272949,612.345581,612.418213,612.490845,612.563416,612.636047,612.708679,612.781311,612.853882,612.926514,612.999084,613.071716,613.144348,613.216919,613.289551,613.362122,613.434753,613.507324,613.579956,613.652527,613.725159,613.797729,613.870361,613.942932,614.015503,614.088135,614.160706,614.233276,614.305908,614.378479,614.451050,614.523621,614.596252,614.668823,614.741394,614.813965,614.886536,614.959106,615.031677,615.104309,615.176880,615.249451,615.322021,615.394592,615.467163,615.539734,615.612305,615.684875,615.757385,615.829956,615.902527,615.975098,616.047668,616.120239,616.192810,616.265320,616.337891,616.410461,616.483032,616.555542,616.628113,616.700684,616.773193,616.845764,616.918335,616.990845,617.063416,617.135925,617.208496,617.281006,617.353577,617.426086,617.498657,617.571167,617.643738,617.716248,617.788757,617.861328,617.933838,618.006409,618.078918,618.151428,618.223938,618.296509,618.369019,618.441528,618.514038,618.586548,618.659119,618.731628,618.804138,618.876648,618.949158,619.021667,619.094177,619.166687,619.239197,619.311707,619.384216,619.456726,619.529236,619.601746,619.674255,619.746765,619.819275,619.891724,619.964233,620.036743,620.109253,620.181763,620.254211,620.326721,620.399231,620.471680,620.544189,620.616699,620.689148,620.761658,620.834106,620.906616,620.979126,621.051575,621.124084,621.196533,621.269043,621.341492,621.413940,621.486450,621.558899,621.631409,621.703857,621.776306,621.848816,621.921265,621.993713,622.066162,622.138672,622.211121,622.283569,622.356018,622.428467,622.500916,622.573425,622.645874,622.718323,622.790771,622.863220,622.935669,623.008118,623.080566,623.153015,623.225464,623.297913,623.370300,623.442749,623.515198,623.587646,623.660095,623.732544,623.804932,623.877380,623.949829,624.022278,624.094666,624.167114,624.239563,624.311951,624.384399,624.456848,624.529236,624.601685,624.674072,624.746521,624.818909,624.891357,624.963745,625.036194,625.108582,625.180969,625.253418,625.325806,625.398254,625.470642,625.543030,625.615417,625.687866,625.760254,625.832642,625.905029,625.977478,626.049866,626.122253,626.194641,626.267029,626.339417,626.411804,626.484192,626.556580,626.628967,626.701355,626.773743,626.846130,626.918518,626.990906,627.063293,627.135681,627.208069,627.280396,627.352783,627.425171,627.497559,627.569946,627.642273,627.714661,627.787048,627.859375,627.931763,628.004150,628.076477,628.148865,628.221191,628.293579,628.365906,628.438293,628.510620,628.583008,628.655334,628.727722,628.800049,628.872375,628.944763,629.017090,629.089417,629.161804,629.234131,629.306458,629.378784,629.451172,629.523499,629.595825,629.668152,629.740479,629.812805,629.885132,629.957520,630.029846,630.102173,630.174500,630.246826,630.319153,630.391479,630.463745,630.536072,630.608398,630.680725,630.753052,630.825378,630.897705,630.969971,631.042297,631.114624,631.186951,631.259216,631.331543,631.403870,631.476135,631.548462,631.620728,631.693054,631.765381,631.837646,631.909973,631.982239,632.054565,632.126831,632.199158,632.271423,632.343689,632.416016,632.488281,632.560547,632.632874,632.705139,632.777405,632.849670,632.921997,632.994263,633.066528,633.138794,633.211060,633.283325,633.355652,633.427917,633.500183,633.572449,633.644714,633.716980,633.789246,633.861511,633.933777,634.005981,634.078247,634.150513,634.222778,634.295044,634.367310,634.439575,634.511780,634.584045,634.656311,634.728516,634.800781,634.873047,634.945251,635.017517,635.089783,635.161987,635.234253,635.306458,635.378723,635.450928,635.523193,635.595398,635.667664,635.739868,635.812073,635.884338,635.956543,636.028748,636.101013,636.173218,636.245422,636.317627,636.389893,636.462097,636.534302,636.606506,636.678711,636.750916,636.823181,636.895386,636.967590,637.039795,637.112000,637.184204,637.256409,637.328613,637.400757,637.472961,637.545166,637.617371,637.689575,637.761780,637.833984,637.906128,637.978333,638.050537,638.122681,638.194885,638.267090,638.339233,638.411438,638.483643,638.555786,638.627991,638.700134,638.772339,638.844482,638.916687,638.988831,639.061035,639.133179,639.205322,639.277527,639.349670,639.421814,639.494019,639.566162,639.638306,639.710449,639.782654,639.854797,639.926941,639.999084,640.071228,640.143372,640.215515,640.287659,640.359863,640.432007,640.504150,640.576233,640.648376,640.720520,640.792664,640.864807,640.936951,641.009094,641.081238,641.153320,641.225464,641.297607,641.369751,641.441833,641.513977,641.586121,641.658203,641.730347,641.802490,641.874573,641.946716,642.018799,642.090942,642.163025,642.235168,642.307251,642.379395,642.451477,642.523560,642.595703,642.667786,642.739868,642.812012,642.884094,642.956177,643.028259,643.100403,643.172485,643.244568,643.316650,643.388733,643.460815,643.532898,643.604980,643.677063,643.749146,643.821228,643.893311,643.965393,644.037476,644.109558,644.181641,644.253723,644.325806,644.397827,644.469910,644.541992,644.614075,644.686096,644.758179,644.830261,644.902283,644.974365,645.046448,645.118469,645.190552,645.262573,645.334656,645.406677,645.478760,645.550781,645.622864,645.694885,645.766968,645.838989,645.911011,645.983093,646.055115,646.127136,646.199158,646.271240,646.343262,646.415283,646.487305,646.559326,646.631348,646.703369,646.775452,646.847473,646.919495,646.991516,647.063538,647.135559,647.207520,647.279541,647.351563,647.423584,647.495605,647.567627,647.639648,647.711609,647.783630,647.855652,647.927673,647.999634,648.071655,648.143677,648.215637,648.287659,648.359619,648.431641,648.503601,648.575623,648.647583,648.719604,648.791565,648.863586,648.935547,649.007507,649.079529,649.151489,649.223450,649.295471,649.367432,649.439392,649.511353,649.583374,649.655334,649.727295,649.799255,649.871216,649.943176,650.015137,650.087097,650.159058,650.231018,650.302979,650.374939,650.446899,650.518860,650.590820,650.662781,650.734680,650.806641,650.878601,650.950562,651.022522,651.094421,651.166382,651.238342,651.310242,651.382202,651.454102,651.526062,651.598022,651.669922,651.741882,651.813782,651.885681,651.957642,652.029541,652.101501,652.173401,652.245300,652.317261
pdY = 3.836364,0.264805,1.284707,19.619837,0.351128,2.504750,0.000000,6.805471,29.951532,41.112316,28.441345,40.395695,32.530102,49.172894,22.706169,16.919085,21.924421,30.383427,24.588600,-0.000081,0.000000,6.628958,29.390764,43.825745,56.218395,53.279182,60.514858,47.716759,62.433067,55.245235,44.842831,16.016285,9.845017,18.839561,34.195389,47.246376,37.257755,34.716759,14.898116,30.251431,6.998557,5.950477,3.006262,19.169641,21.335573,-0.000081,0.000000,0.000000,13.354820,27.827240,38.872551,43.613422,45.521969,51.904182,45.257027,32.256527,33.296364,57.478725,74.793816,63.252068,42.546486,38.626404,69.560349,67.894394,73.334038,58.266544,62.520817,53.141392,45.537617,44.927509,40.952194,45.653980,42.256401,58.410957,57.971531,47.415604,33.455784,41.816841,59.555195,78.726875,88.644310,94.914185,83.379219,88.251831,100.760811,105.190132,97.291023,79.796745,81.086327,69.454262,67.894470,70.622993,49.608944,39.892124,17.238846,30.259760,12.630001,12.479239,12.033532,26.273954,49.057133,54.771622,60.697437,41.732639,46.292389,58.225620,73.268517,55.770283,47.989960,36.132030,51.081081,45.849297,67.019066,49.383987,43.267818,17.214083,27.293585,7.611164,3.375277,20.114113,43.176949,61.024227,39.102718,33.105141,17.017210,22.061394,21.610571,42.884064,41.821243,59.436710,43.848576,37.895855,43.538040,37.230549,40.790630,28.599733,33.235355,45.824669,49.135719,53.885052,42.784988,21.563681,15.262316,16.290207,10.287922,16.892950,20.509409,42.260021,24.977968,21.034416,11.804466,25.643957,25.515581,40.434647,49.733929,56.999660,43.650085,36.388866,38.691479,65.757912,76.576965,94.561821,104.629509,154.690125,248.867172,372.022339,553.342346,906.539429,1539.170288,2325.365967,3001.724121,3505.204590,3788.070557,3741.756348,3027.200195,1962.114624,981.193481,479.115204,298.562439,207.414993,156.218307,127.615036,121.789879,109.067261,93.116310,80.631516,66.497108,74.328941,49.584755,45.468365,34.986629,30.917240,30.562931,32.636219,22.872177,3.293350,-0.000081,-0.000081,3.701379,6.673137,15.514649,35.931995,54.216255,60.114853,46.541950,39.953960,44.271492,50.617371,52.733719,56.840103,69.223671,92.021576,86.814659,78.044708,66.965927,62.462952,56.260876,42.482014,43.185192,39.258068,44.117168,55.614056,56.977291,73.477798,48.090115,47.287514,20.203859,19.570616,13.452671,33.676064,50.683716,54.137867,45.803989,58.084694,58.281887,54.658699,41.624706,21.245846,19.053461,-0.000081,12.142219,39.257069,61.643841,69.786186,41.182384,30.631233,25.185562,39.130032,53.289684,57.647141,67.542976,65.516373,55.596542,34.571930,28.669384,40.502018,29.820501,33.052425,15.866380,40.530910,39.057114,55.005070,33.589031,16.933666,18.693264,26.934525,40.823578,24.568855,19.326439,0.000000,5.166718,0.000000,28.720819,20.535217,41.941151,37.657017,55.246799,40.445805,9.756026,14.378334,23.739119,23.653862,11.252908,19.782381,36.962246,31.923025,22.947828,31.760235,34.248417,37.884579,28.621309,20.434158,19.543556,26.741558,50.522343,41.403561,44.063053,45.482449,33.452152,19.557762,2.049302,15.766467,25.970716,42.609917,45.544857,32.995071,6.480781,17.271633,17.105686,42.806477,12.152230,23.391195,14.546457,33.345215,30.394094,22.077757,11.930394,10.318980,10.827012,21.076302,26.134129,33.020672,22.352678,11.189824,26.495144,41.339424,53.281708,38.771385,28.290838,24.910889,31.969231,41.711792,51.925514,53.265533,41.783344,51.978512,45.057529,58.813709,46.061626,56.604359,66.629440,89.476051,91.557709,93.487099,94.821121,111.395111,121.400520,119.547852,132.102875,154.957993,168.871780,166.631744,165.689438,173.761490,179.640213,176.062592,174.420273,176.444656,168.328552,152.467819,152.206833,156.056244,173.775711,174.870270,158.535400,125.685806,126.926750,123.728363,128.997940,97.919456,93.939957,109.794334,117.457909,123.549515,113.225716,83.419174,46.103611,25.145737,41.147018,52.675518,56.965363,44.122410,35.903591,29.361288,33.518501,37.009525,49.003918,46.309654,40.602268,41.910316,29.335190,11.804994,0.000081,0.000000,0.000081,21.532711,36.753891,48.001751,45.347523,44.121338,45.266823,50.002060,40.101185,35.733032,29.720049,32.585117,35.809620,41.760807,53.075176,45.515820,45.391308,35.387104,49.112007,56.049072,63.333992,43.020412,40.270866,38.759102,45.508358,47.481899,56.318748,39.984921,49.522606,43.687313,60.196014,52.296535,52.183083,73.889076,62.331623,46.977112,26.040358,28.755531,38.305367,45.498993,50.956692,34.603355,8.205183,10.233796,9.193019,15.526618,5.970511,12.238539,16.043695,17.503967,14.804546,13.409969,15.423847,20.749247,27.380713,36.827076,51.875347,53.561413,38.702511,45.928551,33.816143,51.242638,35.510426,67.622520,64.370956,87.928902,69.542503,79.073608,47.715656,53.011482,40.401539,58.172237,53.886845,76.022629,84.358879,84.241821,54.019905,52.295631,38.486805,37.919296,23.018757,39.645790,45.629665,49.262260,36.967163,53.733467,53.229874,48.083706,22.570587,34.598175,45.862255,57.766392,44.564220,36.393986,63.792797,55.239548,39.135075,-0.000081,-0.000081,2.792821,14.308784,17.960268,20.847759,34.655193,52.179482,44.545876,48.350719,32.786278,44.607876,39.642841,45.197750,64.229080,54.993809,35.155258,23.791924,32.988544,42.835857,63.018517,66.325974,67.763977,47.558453,48.970356,43.160877,36.639229,33.129917,33.693081,35.372459,27.073088,39.538048,48.124119,58.333336,66.027069,60.865612,41.476902,15.721330,5.582979,0.000000,17.035860,22.021061,39.500603,20.169121,30.627447,13.071189,26.699083,10.359776,11.221840,5.837272,11.781738,24.839106,28.315983,55.785004,74.163460,75.484772,60.578686,57.404160,56.281300,46.314957,54.677032,61.675621,68.331886,60.254726,65.005455,89.319016,74.397949,74.661377,56.381283,47.175453,41.828987,33.108753,43.421719,45.053215,61.736683,56.764172,51.958035,54.339973,57.593445,62.931271,43.119450,36.993301,40.283501,31.969120,24.686817,25.548634,26.132143,30.935850,5.591868,10.949914,14.797633,29.455349,24.890312,28.292793,24.770704,15.114570,-0.000081,-0.000081,11.425159,28.614389,43.682796,46.104134,37.029297,37.976665,35.863464,31.283470,25.161001,11.795397,33.775856,43.795818,42.822807,39.562092,32.140331,44.901566,32.779270,17.224905,18.466934,22.576347,46.165440,41.644226,48.263714,56.099667,34.419125,31.444447,33.332554,37.353027,47.845783,25.972912,31.995718,10.867094,25.999544,43.589375,51.092537,58.663036,36.756130,40.250435,38.080017,48.834526,55.866207,36.155113,33.081436,32.244678,29.497002,29.247990,22.788692,6.858737,3.541945,2.764773,36.873493,49.094063,41.064278,25.923573,18.661945,34.289524,43.852291,50.518715,41.694187,50.345581,46.364704,50.453033,38.482380,23.425449,33.841908,45.957550,75.731895,79.894173,76.890701,54.942024,33.202301,25.298239,47.454914,53.484947,61.774158,57.025951,60.724545,47.977928,48.149147,53.717499,54.540489,40.700356,61.286987,55.911842,57.892887,37.609703,45.385044,33.040531,36.763252,31.383118,43.172760,13.955700,5.633984,0.000000,3.666667,0.000000,11.990576,15.037630,17.747829,19.129410,21.495798,29.240572,18.177820,18.935141,28.532555,17.748510,20.553530,8.308491,33.157467,33.260792,55.206024,35.468346,39.418423,30.245173,47.138966,56.204983,48.855728,41.963177,33.388695,39.748253,42.858795,43.789063,39.016743,33.177132,33.759972,43.472797,33.007275,20.655449,14.614523,29.381668,35.578243,26.876379,19.343590,20.223621,41.849991,62.933155,69.064896,58.699791,50.216068,70.124001,80.712296,80.007668,49.850475,24.108143,2.955668,10.130526,10.803571,26.534573,30.413666,36.006996,14.570815,18.958611,6.280511,18.827682,0.000081,2.668711,1.553615,13.890158,21.465212,16.766100,21.166674,16.168417,21.012491,42.713902,35.001537,34.761448,-0.000081,10.933571,20.116497,49.487286,43.447617,29.076645,21.323082,29.441935,47.961994,31.438730,39.883312,28.496731,54.037174,38.588314,37.304287,26.565102,17.166964,30.751684,20.235060,34.552547,26.646555,42.279102,37.338253,37.152191,29.612980,27.936954,16.528093,35.210388,42.515446,57.963287,32.876476,20.167662,1.542138,15.963430,20.379877,30.554703,23.961668,25.218431,18.103621,17.598141,3.779586,6.858409,5.221161,16.479837,25.881887,37.994595,36.627247,18.310247,14.771402,0.920412,11.962831,18.390694,33.377693,36.669418,8.245133,15.168036,13.803511,23.444185,18.146076,15.835914,10.836564,0.000000,10.364806,28.141212,39.656132,31.249107,31.133362,28.124523,23.777649,26.331348,37.651142,43.123806,34.206402,29.645054,43.595612,42.245953,45.977692,23.657736,32.259075,30.072609,33.406979,24.073400,25.505144,33.560425,43.727558,42.165451,37.615860,31.938509,30.306913,43.578102,38.380630,53.528973,38.821888,58.689037,43.133930,43.371212,11.447756,17.394825,17.590748,29.266457,24.448305,20.114563,7.882012,2.191560,-0.000081,6.390337,13.212942,15.440394,4.677946,26.376854,27.361633,40.746330,21.268875,17.736401,15.058497,4.117345,16.723112,30.138819,38.713947,32.257256,24.122478,8.168019,12.553053,19.023859,35.972908,28.646193,21.334448,23.052380,25.335861,23.551834,9.236723,23.386166,36.005020,57.595142,43.311787,32.036514,25.439743,23.695030,17.973181,7.541959,16.087097,27.513388,37.091900,31.527140,37.076279,32.708618,36.414299,23.109890,16.923750,6.415717,19.614206,24.253218,38.607567,39.684010,42.887291,32.785931,18.602781,21.334574,27.699286,51.419529,56.521942,61.566967,29.410063,20.894739,9.563198,21.135874,10.218368,20.946756,31.294065,35.788589,29.121723,31.276325,37.536915,32.759720,22.674273,15.305887,19.033129,27.945311,41.172493,46.373360,39.507851,26.137287,18.084835,25.969744,31.493074,32.006550,34.961235,22.966349,38.727909,15.612954,39.004955,32.162968,52.653767,53.087261,42.272041,39.302231,30.179550,27.199080,27.074110,30.688673,48.451187,31.777533,18.390242,0.000000,6.640161,18.938110,24.178240,25.810846,16.486889,23.020258,25.413378,35.700100,41.513603,35.136517,17.940527,9.009992,4.500784,21.363295,18.137974,32.308880,25.868402,37.704578,30.529545,39.746056,31.069197,30.160728,34.446121,28.178032,26.129837,2.783057,18.218933,27.833263,39.314823,49.397514,45.222553,49.438633,40.102470,37.172653,34.557480,35.970036,37.537346,40.158516,36.881981,37.056339,48.985199,70.298203,78.457901,68.528847,38.222038,24.445257,19.761122,17.706415,13.253146,6.206717,16.487450,37.390614,52.686234,39.400898,19.031019,15.485793,28.992725,21.337172,42.834465,50.226044,65.517860,48.833740,43.485558,51.918186,53.321491,53.653782,65.147507,74.745712,71.575104,51.892605,38.451527,25.121902,17.753281,29.330248,34.384846,19.835117,0.000000,0.000000,9.429093,27.030432,45.138973,48.917599,61.002018,49.218842,56.115665,43.914177,20.580473,2.284126,0.544017,13.747200,39.498863,49.344875,50.942631,48.864239,43.888798,56.756523,55.473015,63.558514,51.348053,48.648579,35.033726,50.030575,39.292900,44.584747,24.810413,29.454517,26.485455,31.483644,31.419973,26.317448,27.650406,31.374882,46.752991,48.458973,37.055840,35.977188,30.787701,40.467350,29.675598,40.028214,45.909214,48.670681,19.234598,5.962984,7.064844,8.293855,17.567638,14.231079,28.660734,21.866356,23.133951,27.960327,26.949158,32.807404,37.056885,21.159916,21.577635,7.096540,26.832029,22.912310,29.216906,21.622295,22.238079,11.150739,11.254684,14.150510,23.730574,30.421503,38.758762,38.406742,30.686359,35.545048,35.416172,36.861244,22.877024,1.891805,13.533283,11.204898,23.274649,10.210012,0.000000,18.311300,21.673237,36.000565,20.026733,38.712482,23.024160,26.749113,8.736786,20.018782,17.283682,19.818510,18.484661,26.670237,21.158360,33.574203,24.599298,28.505346,21.027262,47.034714,53.264336,62.888527,42.265167,31.495291,33.688496,26.825460,53.138519,57.529140,64.233955,38.840874,14.961452,22.280989,21.317659,26.716768,3.159996,1.766970,7.405556,34.978043,43.666813,38.136818,23.247608,29.466797,26.751640,27.030037,29.888586,38.694862,55.940666,56.693737,58.499043,42.500908,30.657724,27.099789,33.163258,40.356098,43.646687,35.211498,40.478481,35.080353,46.314102,47.655342,59.692173,49.962368,50.853436,41.597141,32.609062,42.744221,37.265259,51.620464,36.399845,43.002430,44.747578,20.916969,29.952160,19.958256,34.785240,16.234928,21.456989,36.539875,43.573555,44.385296,31.397097,27.418631,33.682190,35.482292,29.167126,21.454645,0.921923,18.023605,26.442904,42.339939,40.699532,46.773869,47.794952,42.188229,38.448090,37.845291,40.220661,27.698673,10.567785,5.373038,13.668957,47.125401,59.787621,58.612087,24.387245,8.395282,11.178691,23.943310,41.890705,31.184385,30.163408,22.294340,26.581699,49.528500,32.357719,22.638668,3.762403,21.883133,34.054417,43.758854,38.409031,30.723286,32.357605,24.042223,32.962898,20.915113,32.691933,21.203344,18.976988,12.573129,29.034878,45.106056,55.951488,46.320793,28.804607,36.136013,46.522701,55.969151,50.385544,48.846329,32.736328,22.707886,26.368927,42.624767,56.564449,39.339344,40.000359,33.274063,34.814323,21.751509,27.257969,29.544342,32.987709,24.785282,41.452168,50.558613,61.575844,54.152176,60.539268,64.852608,43.944866,30.960955,0.000000,12.414686,5.738443,34.401836,35.651417,48.813446,33.400108,21.668814,9.232334,9.322625,21.237885,40.190098,30.460327,19.251305,5.350657,23.995075,33.705864,39.541058,31.047365,28.051706,36.921577,29.435932,37.943771,34.351166,31.746273,17.865551,29.044725,40.229519,57.461384,42.790123,36.045044,36.651226,35.153008,45.396469,37.485649,55.928982,54.883236,50.909832,30.369545,7.131871,-0.000081,19.829613,33.284561,54.790134,42.493015,52.661057,41.518848,37.311676,39.574394,46.955765,54.713100,64.892159,76.169823,69.059715,50.875652,29.403387,13.231450,12.450340,10.889081,40.336655,29.683252,53.280331,41.634731,53.730480,45.899155,51.311424,36.165260,26.063463,17.157495,38.779049,61.145779,80.392685,65.721230,45.313969,26.383547,37.724590,24.269682,23.172512,25.680872,50.159393,50.367256,34.009918,11.083714,0.000000,9.736007,6.415862,15.312304,11.119576,18.084288,20.754959,28.599482,39.788036,46.786156,42.242584,17.070883,22.324902,17.295870,48.184952,29.314281,46.093655,50.379433,80.207382,65.415207,71.176796,49.146191,50.838654,35.408207,32.947845,39.011036,32.937126,21.478188,10.940719,11.125191,19.718508,34.199989,39.960670,40.975235,32.379349,30.188211,27.793993,41.212505,38.546768,43.280586,26.851158,13.353592,18.222746,5.202489,11.666472,3.272401,26.795658,41.610462,27.912006,32.146145,17.304199,34.124008,22.414078,27.887993,39.372684,29.594395,39.172703,26.476500,36.364925,35.345566,32.683361,47.954506,37.806259,55.643742,38.180866,48.046204,22.423349,21.110016,18.827318,23.588236,28.240755,23.367100,38.588238,25.293568,11.432360,1.493475,0.000081,-0.000081,9.201896,21.976126,26.562449,14.136575,16.956852,20.219799,30.114838,34.920509,39.748543,46.691658,41.489655,38.493431,34.878136,27.415850,25.121635,23.821630,27.081350,23.208303,32.358044,27.602072,36.792297,31.104925,45.790085,35.727840,22.731148,12.128097,18.482271,34.551548,24.604263,17.905539,10.356287,14.349093,33.110714,26.757708,34.636902,11.172885,12.403072,3.560138,22.920593,30.927855,47.924389,46.104324,57.588634,56.672565,60.990799,49.285355,51.648289,39.691902,39.136200,36.586868,29.568110,29.245712,20.860542,29.301861,37.193970,43.919243,51.619568,45.645359,52.054523,41.409069,41.759850,25.414167,22.714415,26.343523,32.090073,40.322430,33.240665,31.981953,22.992016,25.535885,13.716288,14.438440,18.384750,23.116009,32.446995,32.606709,34.274879,23.964235,27.235388,20.016626,6.823593,0.000000,12.560256,54.531616,50.591663,53.999561,35.966145,36.726803,22.029142,7.263930,4.375124,7.358694,25.541107,28.894207,35.688984,31.638994,23.516735,5.643221,0.000000,-0.000041,11.178436,15.013124,33.669155,18.167616,15.017783,2.473742,0.000000,3.500396,0.000041

nFuncNum = 0