strScanMode=
strWave=
powervalue=
pinhole=0
grating=
slit=0
ExpTime=
unit=
strCenterWave=
strStartWave=
strEndWave=
totalnum=1
strInterFlg=
strIntervaltime=
intervalnum=0
haveTitle=0
dataFrom=0
laserWaveLength=532.0
pdX=-232.214905,-229.061249,-225.909378,-222.759308,-219.611008,-216.464508,-213.319778,-210.176849,-207.035690,-203.896317,-200.758728,-197.622925,-194.488907,-191.356659,-188.226196,-185.097504,-181.970596,-178.845474,-175.722122,-172.600540,-169.480743,-166.362717,-163.246460,-160.131989,-157.019272,-153.908340,-150.799179,-147.691788,-144.586182,-141.482330,-138.380249,-135.279938,-132.181381,-129.084610,-125.989601,-122.896355,-119.804871,-116.715157,-113.627205,-110.541016,-107.456589,-104.373917,-101.293015,-98.213867,-95.136490,-92.060860,-88.986992,-85.914886,-82.844536,-79.775940,-76.709099,-73.644012,-70.580681,-67.519104,-64.459282,-61.401207,-58.344887,-55.290318,-52.237499,-49.186432,-46.137112,-43.089539,-40.043716,-36.999638,-33.957310,-30.916723,-27.877884,-24.840790,-21.805437,-18.771830,-15.739964,-12.709840,-9.681457,-6.654813,-3.629910,-0.606746,2.414679,5.434367,8.452318,11.468533,14.483011,17.495754,20.506763,23.516039,26.523582,29.529392,32.533470,35.535816,38.536434,41.535320,44.532478,47.527908,50.521610,53.513584,56.503834,59.492355,62.479153,65.464226,68.447578,71.429199,74.409103,77.387291,80.363747,83.338493,86.311508,89.282814,92.252396,95.220261,98.186409,101.150841,104.113556,107.074562,110.033844,112.991417,115.947281,118.901428,121.853859,124.804588,127.753601,130.700912,133.646500,136.590393,139.532562,142.473038,145.411804,148.348862,151.284225,154.217865,157.149811,160.080063,163.008606,165.935440,168.860580,171.784012,174.705750,177.625793,180.544128,183.460770,186.375717,189.288971,192.200516,195.110382,198.018539,200.925018,203.829788,206.732880,209.634262,212.533966,215.431976,218.328293,221.222931,224.115875,227.007126,229.896698,232.784576,235.670776,238.555283,241.438110,244.319260,247.198715,250.076492,252.952591,255.827011,258.699738,261.570801,264.440155,267.307861,270.173889,273.038239,275.900879,278.761871,281.621185,284.478821,287.334808,290.189087,293.041718,295.892670,298.741943,301.589539,304.435486,307.279755,310.122345,312.963287,315.802551,318.640137,321.476074,324.310333,327.142944,329.973877,332.803162,335.630768,338.456726,341.281006,344.103638,346.924622,349.743927,352.561584,355.377563,358.191895,361.004578,363.815613,366.624969,369.432678,372.238739,375.043152,377.845917,380.647034,383.446472,386.244263,389.040436,391.834930,394.627777,397.418976,400.208557,402.996460,405.782715,408.567352,411.350342,414.131653,416.911346,419.689392,422.465790,425.240570,428.013702,430.785187,433.555023,436.323242,439.089783,441.854736,444.618011,447.379669,450.139709,452.898102,455.654846,458.409973,461.163452,463.915314,466.665558,469.414154,472.161102,474.906433,477.650146,480.392242,483.132690,485.871521,488.608704,491.344299,494.078247,496.810577,499.541290,502.270355,504.997833,507.723663,510.447876,513.170471,515.891479,518.610840,521.328552,524.044678,526.759216,529.472107,532.183350,534.893005,537.601074,540.307495,543.012329,545.715515,548.417114,551.117126,553.815491,556.512268,559.207458,561.901001,564.592957,567.283264,569.972046,572.659180,575.344666,578.028625,580.710938,583.391602,586.070740,588.748230,591.424133,594.098450,596.771179,599.442322,602.111816,604.779724,607.446045,610.110779,612.773926,615.435425,618.095398,620.753723,623.410522,626.065674,628.719238,631.371216,634.021606,636.670410,639.317627,641.963257,644.607300,647.249756,649.890625,652.529907,655.167603,657.803711,660.438232,663.071167,665.702576,668.332336,670.960510,673.587158,676.212219,678.835693,681.457581,684.077881,686.696594,689.313782,691.929321,694.543335,697.155762,699.766663,702.375916,704.983643,707.589783,710.194397,712.797363,715.398804,717.998657,720.596985,723.193726,725.788879,728.382446,730.974487,733.564941,736.153870,738.741211,741.326965,743.911194,746.493896,749.074951,751.654480,754.232483,756.808899,759.383728,761.957031,764.528809,767.098999,769.667603,772.234680,774.800232,777.364197,779.926636,782.487488,785.046814,787.604553,790.160767,792.715454,795.268555,797.820129,800.370178,802.918640,805.465576,808.010925,810.554810,813.097107,815.637817,818.177063,820.714722,823.250854,825.785400,828.318481,830.849976,833.379944,835.908386,838.435303,840.960632,843.484436,846.006714,848.527466,851.046692,853.564392,856.080505,858.595154,861.108215,863.619812,866.129822,868.638306,871.145264,873.650696,876.154663,878.657043,881.157898,883.657227,886.155029,888.651306,891.146057,893.639343,896.131042,898.621216,901.109924,903.597046,906.082703,908.566833,911.049438,913.530518,916.010071,918.488098,920.964661,923.439697,925.913147,928.385193,930.855652,933.324646,935.792053,938.257996,940.722473,943.185364,945.646790,948.106689,950.565125,953.022034,955.477417,957.931274,960.383667,962.834534,965.283936,967.731750,970.178162,972.622986,975.066345,977.508240,979.948608,982.387451,984.824829,987.260742,989.695068,992.127991,994.559326,996.989258,999.417664,1001.844543,1004.269958,1006.693848,1009.116272,1011.537231,1013.956665,1016.374634,1018.791077,1021.206055,1023.619568,1026.031616,1028.442139,1030.851074,1033.258667,1035.664673,1038.069336,1040.472412,1042.874023,1045.274170,1047.672852,1050.069946,1052.465698,1054.859863,1057.252686,1059.643921,1062.033691,1064.421997,1066.808838,1069.194214,1071.578003,1073.960449,1076.341431,1078.720825,1081.098877,1083.475342,1085.850464,1088.223999,1090.596069,1092.966797,1095.335938,1097.703613,1100.069946,1102.434692,1104.797974,1107.159912,1109.520264,1111.879150,1114.236694,1116.592651,1118.947144,1121.300293,1123.651855,1126.002075,1128.350708,1130.697998,1133.043823,1135.388184,1137.730957,1140.072388,1142.412354,1144.750977,1147.088013,1149.423584,1151.757813,1154.090454,1156.421753,1158.751587,1161.079956,1163.406860,1165.732300,1168.056274,1170.378906,1172.699951,1175.019653,1177.337891,1179.654663,1181.970093,1184.283936,1186.596436,1188.907471,1191.217041,1193.525269,1195.831909,1198.137207,1200.441040,1202.743408,1205.044434,1207.343872,1209.641968,1211.938721,1214.233887,1216.527710,1218.820068,1221.110962,1223.400513,1225.688477,1227.975220,1230.260376,1232.544189,1234.826538,1237.107422,1239.386963,1241.665039,1243.941650,1246.216919,1248.490723,1250.763062,1253.034058,1255.303589,1257.571655,1259.838379,1262.103638,1264.367554,1266.629883,1268.890991,1271.150513,1273.408691,1275.665527,1277.920898,1280.174805,1282.427368,1284.678467,1286.928223,1289.176514,1291.423340,1293.668823,1295.912842,1298.155518,1300.396729,1302.636597,1304.875000,1307.112061,1309.347656,1311.581909,1313.814697,1316.046143,1318.276123,1320.504761,1322.731934,1324.957764,1327.182129,1329.405151,1331.626709,1333.846924,1336.065796,1338.283203,1340.499146,1342.713745,1344.927002,1347.138794,1349.349243,1351.558350,1353.765991,1355.972168,1358.177124,1360.380615,1362.582642,1364.783325,1366.982666,1369.180542,1371.377075,1373.572266,1375.765991,1377.958374,1380.149414,1382.338989,1384.527222,1386.714111,1388.899536,1391.083618,1393.266357,1395.447632,1397.627563,1399.806152,1401.983398,1404.159180,1406.333618,1408.506714,1410.678345,1412.848633,1415.017578,1417.185181,1419.351440,1421.516235,1423.679688,1425.841797,1428.002441,1430.161743,1432.319824,1434.476440,1436.631592,1438.785522,1440.937988,1443.089111,1445.238892,1447.387329,1449.534424,1451.680054,1453.824463,1455.967407,1458.109009,1460.249268,1462.388184,1464.525635,1466.661865,1468.796631,1470.930054,1473.062256,1475.192993,1477.322388,1479.450439,1481.577148,1483.702393,1485.826416,1487.949097,1490.070313,1492.190308,1494.308838,1496.426147,1498.541992,1500.656494,1502.769775,1504.881592,1506.992065,1509.101196,1511.209106,1513.315552,1515.420654,1517.524414,1519.626953,1521.728027,1523.827759,1525.926270,1528.023315,1530.119141,1532.213501,1534.306641,1536.398315,1538.488770,1540.577881,1542.665527,1544.751953,1546.837036,1548.920776,1551.003296,1553.084351,1555.164063,1557.242554,1559.319580,1561.395386,1563.469849,1565.542969,1567.614746,1569.685181,1571.754395,1573.822144,1575.888672,1577.953857,1580.017700,1582.080200,1584.141479,1586.201294,1588.259888,1590.317139,1592.373169,1594.427734,1596.481079,1598.533081,1600.583740,1602.633057,1604.681152,1606.727905,1608.773315,1610.817383,1612.860229,1614.901733,1616.941895,1618.980713,1621.018311,1623.054565,1625.089478,1627.123169,1629.155518,1631.186523,1633.216187,1635.244629,1637.271729,1639.297607,1641.322144,1643.345337,1645.367188,1647.387817,1649.407227,1651.425171,1653.441895,1655.457275,1657.471436,1659.484253,1661.495850,1663.506104,1665.515015,1667.522705,1669.529053,1671.534058,1673.537842,1675.540405,1677.541626,1679.541504,1681.540161,1683.537476,1685.533447,1687.528198,1689.521729,1691.513916,1693.504883,1695.494507,1697.482788,1699.469849,1701.455688,1703.440186,1705.423340,1707.405273,1709.385986,1711.365356,1713.343384,1715.320190,1717.295776,1719.270020,1721.243042,1723.214722,1725.185181,1727.154419,1729.122314,1731.088989,1733.054321,1735.018433,1736.981201,1738.942749,1740.903076,1742.862061,1744.819824,1746.776245,1748.731567,1750.685425,1752.638184,1754.589600,1756.539795,1758.488647,1760.436279,1762.382690,1764.327759,1766.271606,1768.214233,1770.155518,1772.095581,1774.034424,1775.972046,1777.908325,1779.843384,1781.777222,1783.709717,1785.640991,1787.571045,1789.499878,1791.427368,1793.353760,1795.278687,1797.202515,1799.125122,1801.046387,1802.966431,1804.885254,1806.802734,1808.719116,1810.634155,1812.547974,1814.460571,1816.371948,1818.281982,1820.190796,1822.098511,1824.004883,1825.910034,1827.813843,1829.716553,1831.617920,1833.518188,1835.417114,1837.314819,1839.211304,1841.106567,1843.000610,1844.893311,1846.784912,1848.675171,1850.564331,1852.452148,1854.338745,1856.224243,1858.108398,1859.991333,1861.873047,1863.753540,1865.632813,1867.510864,1869.387695,1871.263306,1873.137573,1875.010742,1876.882690,1878.753418,1880.622925,1882.491211,1884.358276,1886.224121,1888.088745,1889.952148,1891.814331,1893.675293,1895.535034,1897.393555,1899.250977,1901.107056,1902.961914,1904.815674,1906.668091,1908.519409,1910.369507,1912.218384,1914.066040,1915.912476,1917.757690,1919.601685,1921.444580,1923.286133,1925.126587,1926.965820,1928.803833,1930.640625,1932.476196,1934.310669,1936.143799,1937.975830,1939.806641,1941.636230,1943.464722,1945.291870,1947.117920,1948.942749,1950.766479,1952.588867,1954.410156,1956.230225,1958.049072,1959.866699,1961.683228,1963.498535,1965.312622,1967.125488,1968.937256,1970.747803,1972.557129,1974.365356,1976.172241,1977.978149,1979.782715,1981.586182,1983.388428,1985.189453,1986.989380,1988.788086,1990.585571,1992.381958,1994.177124,1995.971069,1997.763916,1999.555542,2001.346069,2003.135254,2004.923462,2006.710327,2008.496094,2010.280762,2012.064087,2013.846436,2015.627441,2017.407349,2019.186157,2020.963745,2022.740112,2024.515381,2026.289429,2028.062256,2029.834106,2031.604614,2033.374023,2035.142334,2036.909424,2038.675293,2040.440063,2042.203613,2043.966064,2045.727417,2047.487549,2049.246582,2051.004395,2052.760986,2054.516357,2056.270752,2058.023926,2059.776123,2061.526855,2063.276611,2065.025146,2066.772705,2068.518799,2070.263916,2072.008057,2073.750732,2075.492432,2077.233154,2078.972412,2080.710693,2082.447754,2084.183838,2085.918457,2087.652100,2089.384766,2091.116211,2092.846436,2094.575439,2096.303467,2098.030273,2099.755859,2101.480469,2103.203857,2104.926025,2106.647217,2108.367188,2110.086182,2111.803955,2113.520508,2115.235840,2116.950195,2118.663330,2120.375488,2122.086426,2123.796387,2125.504883,2127.212402,2128.918945,2130.624268,2132.328369,2134.031494,2135.733398,2137.434082,2139.133789,2140.832520,2142.529785,2144.226074,2145.921387,2147.615479,2149.308350,2151.000244,2152.690918,2154.380615,2156.069092,2157.756348,2159.442627,2161.127686,2162.811768,2164.494629,2166.176514,2167.857178,2169.536865,2171.215332,2172.892578,2174.568848,2176.243896,2177.917969,2179.591064,2181.262695,2182.933350,2184.603027,2186.271484,2187.938965,2189.605225,2191.270508,2192.934570,2194.597412,2196.259521,2197.920166,2199.579834,2201.238525,2202.895996,2204.552246,2206.207764,2207.861816,2209.514893,2211.166992,2212.817871,2214.467773,2216.116455,2217.764160,2219.410645,2221.056152,2222.700439,2224.343750,2225.985840,2227.626953,2229.267090,2230.906006,2232.543945,2234.180664,2235.816162,2237.450928,2239.084473,2240.716797,2242.348145,2243.978271,2245.607666,2247.235596,2248.862793,2250.488525,2252.113525,2253.737305,2255.359863,2256.981689,2258.602295,2260.221680,2261.840088,2263.457520,2265.073730,2266.688965,2268.302979,2269.916016,2271.528076,2273.138916,2274.748779,2276.357666,2277.965332,2279.571777,2281.177490,2282.781982,2284.385498,2285.987793,2287.589111,2289.189453,2290.788574,2292.386719,2293.983887,2295.579834,2297.174805,2298.768555,2300.361572,2301.953369,2303.543945,2305.133545,2306.722168,2308.309814,2309.896240,2311.481689,2313.066162,2314.649414,2316.231689,2317.812988,2319.393311,2320.972412,2322.550537,2324.127441,2325.703613,2327.278564,2328.852295,2330.425293,2331.997070,2333.567871,2335.137451,2336.706299,2338.273926,2339.840576,2341.406006,2342.970459,2344.534180,2346.096436,2347.657959,2349.218262,2350.777588,2352.335938,2353.893066,2355.449463,2357.004639,2358.558838,2360.111816,2361.664063,2363.215088,2364.765137,2366.313965,2367.862061,2369.408936,2370.954834,2372.499756,2374.043701,2375.586426,2377.128418,2378.669189,2380.208984,2381.747559,2383.285400,2384.822021,2386.357666,2387.892334,2389.426025,2390.958496,2392.490234,2394.020752,2395.550293,2397.078857,2398.606445,2400.132813,2401.658447,2403.182861,2404.706299,2406.228760,2407.750244,2409.270752,2410.790039,2412.308594,2413.825928,2415.342285,2416.857666,2418.372070,2419.885498,2421.397949,2422.909180,2424.419678,2425.928955,2427.437256,2428.944580,2430.450928,2431.956299,2433.460693,2434.964111,2436.466309,2437.967773,2439.468018,2440.967285,2442.465820,2443.963135,2445.459473,2446.954834,2448.449219,2449.942627,2451.435059,2452.926270,2454.416748,2455.906250,2457.394531,2458.882080,2460.368408,2461.854004,2463.338379,2464.821777,2466.304443,2467.785889,2469.266357,2470.746094,2472.224609,2473.702148,2475.178711,2476.654297,2478.128906,2479.602539,2481.075195,2482.546875,2484.017578,2485.487305,2486.956299,2488.424072,2489.890869,2491.356689,2492.821533,2494.285400,2495.748291,2497.210205,2498.671143,2500.131104,2501.590332,2503.048340,2504.505371,2505.961426,2507.416748,2508.870850,2510.323975,2511.776367,2513.227539,2514.677979,2516.127441,2517.575684,2519.023193,2520.469727,2521.915283,2523.359863,2524.803467,2526.246094,2527.687744,2529.128418,2530.568115,2532.007080,2533.444824,2534.881836,2536.317627,2537.752686,2539.186768,2540.619873,2542.052002,2543.483154,2544.913330,2546.342773,2547.770996,2549.198486,2550.625000,2552.050293,2553.474854,2554.898438,2556.321289,2557.742920,2559.163818,2560.583496,2562.002441,2563.420410,2564.837402,2566.253418,2567.668457,2569.082764,2570.496094,2571.908447,2573.319824,2574.730225,2576.139648,2577.548340,2578.955811,2580.362549,2581.768311,2583.173096,2584.577148,2585.979980,2587.382080,2588.783203,2590.183350,2591.582764,2592.980957,2594.378418,2595.774902,2597.170410,2598.565186,2599.958740,2601.351563,2602.743408,2604.134277,2605.524414,2606.913574,2608.301758,2609.688965,2611.075195,2612.460693,2613.845215,2615.228760,2616.611328,2617.993164,2619.374023,2620.753906,2622.132813,2623.510986,2624.888184,2626.264404,2627.639893,2629.014404,2630.387939,2631.760498,2633.132324,2634.502930,2635.873047,2637.241943,2638.610107,2639.977295,2641.343506,2642.708984,2644.073486,2645.437012,2646.799561,2648.161377,2649.522217,2650.882324,2652.241455,2653.599609,2654.956787,2656.313232,2657.668701,2659.023438,2660.376953,2661.729980,2663.081787,2664.432861,2665.782959,2667.132080,2668.480469,2669.827881,2671.174561,2672.520264,2673.864990,2675.208984,2676.552002,2677.894043,2679.235352,2680.575684,2681.915039,2683.253662,2684.591553,2685.928223,2687.264160,2688.599365,2689.933594,2691.266846,2692.599121,2693.930664,2695.261475,2696.591309,2697.920166,2699.248291,2700.575439,2701.901611,2703.227051,2704.551514,2705.875244,2707.197998,2708.520020,2709.841064,2711.161377,2712.480713,2713.799072,2715.116699,2716.433350,2717.749268,2719.064209,2720.378418,2721.691650,2723.003906,2724.315674,2725.626221,2726.936035,2728.244873,2729.552979,2730.860352,2732.166748,2733.472168,2734.776855,2736.080566,2737.383545,2738.685791,2739.986816,2741.287354,2742.586914,2743.885498,2745.183350,2746.480225,2747.776367,2749.071777,2750.365967,2751.659668,2752.952393,2754.244141,2755.535156,2756.825439,2758.114746,2759.403320,2760.690918,2761.977783,2763.263672,2764.548828,2765.833008,2767.116455,2768.399170,2769.680908,2770.961670,2772.241943,2773.520996,2774.799561,2776.077148,2777.353760,2778.629639,2779.904785,2781.178955,2782.452393,2783.724854,2784.996582,2786.267578,2787.537598,2788.806885,2790.075195,2791.342773,2792.609619,2793.875488,2795.140625,2796.405029,2797.668457,2798.930908,2800.192871,2801.453857,2802.713867,2803.973389,2805.231689,2806.489502,2807.746338,2809.002441,2810.257568,2811.512207,2812.765625,2814.018555,2815.270508,2816.521729,2817.771973,2819.021484,2820.270264,2821.518066,2822.765137,2824.011475,2825.257080,2826.501709,2827.745605,2828.988525,2830.230713,2831.472168,2832.712891,2833.952637,2835.191650,2836.429932,2837.667236,2838.903809,2840.139648,2841.374756,2842.608887,2843.842285,2845.074951,2846.306641,2847.537598,2848.767822,2849.997314,2851.225830,2852.453613,2853.680664,2854.906982,2856.132324,2857.356934,2858.580811,2859.803955,2861.026123,2862.247559,2863.468262,2864.688232,2865.907471,2867.125732,2868.343262,2869.560059,2870.775879,2871.991211,2873.205566,2874.419189,2875.631836,2876.843994,2878.055176,2879.265625,2880.475342,2881.684326,2882.892578,2884.099854,2885.306396,2886.512207,2887.717285,2888.921631,2890.125000,2891.327637,2892.529541,2893.730713,2894.931152,2896.130859,2897.329590,2898.527832,2899.725098,2900.921631,2902.117432,2903.312256,2904.506592,2905.699951,2906.892822,2908.084717,2909.275879,2910.466309,2911.656006,2912.844727,2914.032959,2915.220215,2916.406738,2917.592773,2918.777832,2919.962158,2921.145752,2922.328369,2923.510498,2924.691895,2925.872314,2927.052246,2928.231201,2929.409424,2930.586914,2931.763672,2932.939697,2934.114990,2935.289551,2936.463379,2937.636475,2938.808594,2939.980225,2941.150879,2942.321045,2943.490234,2944.658936,2945.826660,2946.993652,2948.160156,2949.325684,2950.490479,2951.654541,2952.817871,2953.980469,2955.142578,2956.303711,2957.464111,2958.623779,2959.782715,2960.940918,2962.098389,2963.255127,2964.411133,2965.566406,2966.720947,2967.874756,2969.027832,2970.180176,2971.331787,2972.482666,2973.632813,2974.782227,2975.930908,2977.078857,2978.226074,2979.372559,2980.518555,2981.663574,2982.807861,2983.951416,2985.094482,2986.236572,2987.378174,2988.518799,2989.658936,2990.798340,2991.936768,2993.074707,2994.211914,2995.348389,2996.484131,2997.619141,2998.753418,2999.886963,3001.020020,3002.152100,3003.283691,3004.414307,3005.544434,3006.673828,3007.802490,3008.930420,3010.057617,3011.184082,3012.309814,3013.435059,3014.559326,3015.683105,3016.806152,3017.928467,3019.050049,3020.170898,3021.291016,3022.410645,3023.529297,3024.647461,3025.764893,3026.881592,3027.997559,3029.113037,3030.227539,3031.341553,3032.454834,3033.567383,3034.679199,3035.790283,3036.900879,3038.010498,3039.119629,3040.228027,3041.335693,3042.442871,3043.549072,3044.654785,3045.759766,3046.864014,3047.967773,3049.070557,3050.172852,3051.274414,3052.375244,3053.475342,3054.574951,3055.673828,3056.771973,3057.869385,3058.966309,3060.062256,3061.157715,3062.252686,3063.346680,3064.440186,3065.532959,3066.625000,3067.716309,3068.807129,3069.897217,3070.986572,3072.075195,3073.163330,3074.250732,3075.337402,3076.423584,3077.508789,3078.593750,3079.677734,3080.760986,3081.843750,3082.926025,3084.007324,3085.088135,3086.168213,3087.247559,3088.326416,3089.404541,3090.481934,3091.558838,3092.634766,3093.710449,3094.785156,3095.859375,3096.932861,3098.005859,3099.077881,3100.149658,3101.220459,3102.290771,3103.360352,3104.429199,3105.497559,3106.565186,3107.632324,3108.698730,3109.764404,3110.829590,3111.894043,3112.957764,3114.020996,3115.083496,3116.145264,3117.206543,3118.267090,3119.326904,3120.386230,3121.445068,3122.502930,3123.560303,3124.617188,3125.673340,3126.728760,3127.783691,3128.837891,3129.891357,3130.944336,3131.996826,3133.048340,3134.099365,3135.149902,3136.199707,3137.248779,3138.297363,3139.345215,3140.392578,3141.439209,3142.485352,3143.530762,3144.575439,3145.619629,3146.663330,3147.706055,3148.748535,3149.790039,3150.831299,3151.871582,3152.911377,3153.950684,3154.989258,3156.027344,3157.064697,3158.101318,3159.137451,3160.172852,3161.207764,3162.242188,3163.275879,3164.308838,3165.341309,3166.373291,3167.404541,3168.435059,3169.465088,3170.494385,3171.523193,3172.551514,3173.579102,3174.605957,3175.632568,3176.658203,3177.683350,3178.708008,3179.731934,3180.755371,3181.778076,3182.800293,3183.821777,3184.842773,3185.863281,3186.883057,3187.902100,3188.920898,3189.938721,3190.956299,3191.973145,3192.989258,3194.004883,3195.020020,3196.034424,3197.048340,3198.061523,3199.074219,3200.086182,3201.097656,3202.108643,3203.119141,3204.128662,3205.137939,3206.146484,3207.154541,3208.161865,3209.168701,3210.175049,3211.180664,3212.185791,3213.190186,3214.194092,3215.197510,3216.200439,3217.202637,3218.204102,3219.205322,3220.205566,3221.205566,3222.204834,3223.203613,3224.201904,3225.199463,3226.196533,3227.192871,3228.188965,3229.184082,3230.178955,3231.173096,3232.166748,3233.159912,3234.152344,3235.144287,3236.135742,3237.126465,3238.116699,3239.106445,3240.095459,3241.083984,3242.072021,3243.059570,3244.046387,3245.032715,3246.018555,3247.003662,3247.988281,3248.972412,3249.956055,3250.938965,3251.921387,3252.903320,3253.884766,3254.865479,3255.845703,3256.825439,3257.804443,3258.783203,3259.761230,3260.738525,3261.715576,3262.691895,3263.667725,3264.643066,3265.617920,3266.592041,3267.565674,3268.538818,3269.511475,3270.483643,3271.455078,3272.426025,3273.396484,3274.366455,3275.335693,3276.304688,3277.272949,3278.240723,3279.207764,3280.174561,3281.140625,3282.106201,3283.071289,3284.035889,3285.000000,3285.963379,3286.926514,3287.888916,3288.850830,3289.812012,3290.772949,3291.733398,3292.693115,3293.652344,3294.611084,3295.569336,3296.527100,3297.484375,3298.440918,3299.396973,3300.352783,3301.307861,3302.262451,3303.216553,3304.169922,3305.123047,3306.075684,3307.027588,3307.979004,3308.929932,3309.880615,3310.830566,3311.779785,3312.728760,3313.677246,3314.625244,3315.572510,3316.519531,3317.465820,3318.411621,3319.356934,3320.302002,3321.246338,3322.190186,3323.133545,3324.076172,3325.018555,3325.960449,3326.901855,3327.842529,3328.782959,3329.722900,3330.662109,3331.601074,3332.539307,3333.477051,3334.414551,3335.351318,3336.287842,3337.223633,3338.158936,3339.093750,3340.028320,3340.962158,3341.895508,3342.828369,3343.760986,3344.692871,3345.624268,3346.555176,3347.485596,3348.415771,3349.345215,3350.274170,3351.202637,3352.130859,3353.058350,3353.985352,3354.912109,3355.838135,3356.763916,3357.688965,3358.613770,3359.537842,3360.461670,3361.384766,3362.307617,3363.229980,3364.151855,3365.073242,3365.993896,3366.914307,3367.834473,3368.753906,3369.672852,3370.591309,3371.509521,3372.427002,3373.343994,3374.260742,3375.177002,3376.092773,3377.007813,3377.922607,3378.836914,3379.750977,3380.664307,3381.577148,3382.489746,3383.401611,3384.313232,3385.224365,3386.135010,3387.045166,3387.954834,3388.864258,3389.772949,3390.681396,3391.589111,3392.496582,3393.403564,3394.310059,3395.216309,3396.121826,3397.027100,3397.931885,3398.836182,3399.739990,3400.643311,3401.546143,3402.448730,3403.350830,3404.252441,3405.153564,3406.054199,3406.954590,3407.854248,3408.753662,3409.652588,3410.551270,3411.449219,3412.346924,3413.244141,3414.140869,3415.037109,3415.932861,3416.828369,3417.723389,3418.617920,3419.512207,3420.405762,3421.299072,3422.191895,3423.084229,3423.976318,3424.867920,3425.758789,3426.649658,3427.539795,3428.429688,3429.319092,3430.208008,3431.096680,3431.984619,3432.872314,3433.759766,3434.646484,3435.532959,3436.418945,3437.304688,3438.189697,3439.074463,3439.958740,3440.842773,3441.726318,3442.609375,3443.491943,3444.374268,3445.256104,3446.137451,3447.018555,3447.899170,3448.779297,3449.658936,3450.538330,3451.417236,3452.295898,3453.174072,3454.051758,3454.928955,3455.805908,3456.682373,3457.558594,3458.434082,3459.309570,3460.184326,3461.058838,3461.932861,3462.806641,3463.679932,3464.552734,3465.425293,3466.297363,3467.168945,3468.040283,3468.911133,3469.781738,3470.651611
pdY=0.000000,0.000000,135.000000,9.000000,0.000000,0.000000,128.000000,21.000000,0.000000,0.000000,31.000000,110.000000,0.000000,0.000000,117.000000,134.000000,0.000000,0.000000,0.000000,160.000000,49.000000,0.000000,0.000000,266.000000,88.000000,0.000000,0.000000,57.000000,195.000000,0.000000,0.000000,38.000000,128.000000,0.000000,0.000000,0.000000,143.000000,34.000000,0.000000,0.000000,70.000000,191.000000,0.000000,17.000000,109.000000,109.000000,79.000000,0.000000,39.000000,151.000000,112.000000,0.000000,11.000000,177.000000,44.000000,0.000000,12.000000,36.000000,213.000000,4.000000,0.000000,72.000000,236.000000,121.000000,0.000000,0.000000,168.000000,56.000000,0.000000,95.000000,42.000000,174.000000,54.000000,46.000000,40.000000,197.000000,185.000000,0.000000,81.000000,216.000000,277.000000,148.000000,74.000000,227.000000,276.000000,225.000000,0.000000,93.000000,251.000000,202.000000,117.000000,93.000000,262.000000,210.000000,121.000000,108.000000,170.000000,375.000000,215.000000,63.000000,184.000000,325.000000,314.000000,91.000000,262.000000,292.000000,252.000000,161.000000,149.000000,385.000000,382.000000,220.000000,296.000000,380.000000,548.000000,415.000000,366.000000,674.000000,1492.000000,2426.000000,4283.000000,6263.000000,8167.000000,9458.000000,9977.000000,10215.000000,10309.000000,9974.000000,9389.000000,8785.000000,8499.000000,8263.000000,7759.000000,7415.000000,7005.000000,6890.000000,6556.000000,6083.000000,5778.000000,5694.000000,5585.000000,5300.000000,5009.000000,4977.000000,4925.000000,4617.000000,4312.000000,4202.000000,4243.000000,4257.000000,3884.000000,3772.000000,3975.000000,3818.000000,3656.000000,3484.000000,3580.000000,3639.000000,3443.000000,3290.000000,3336.000000,3378.000000,3316.000000,3038.000000,3157.000000,3204.000000,3147.000000,3024.000000,2907.000000,3101.000000,3124.000000,2955.000000,2958.000000,2903.000000,3118.000000,2854.000000,2960.000000,2979.000000,2926.000000,2953.000000,2791.000000,2830.000000,2969.000000,3003.000000,2942.000000,2726.000000,2661.000000,3028.000000,2859.000000,2881.000000,2811.000000,2946.000000,3088.000000,2846.000000,2835.000000,2929.000000,3053.000000,2988.000000,2909.000000,2953.000000,3228.000000,3123.000000,3138.000000,3204.000000,3396.000000,3710.000000,3704.000000,3999.000000,4394.000000,4938.000000,4753.000000,4838.000000,4925.000000,4985.000000,4419.000000,4011.000000,3765.000000,3583.000000,3421.000000,3129.000000,2956.000000,3022.000000,2840.000000,2720.000000,2833.000000,2688.000000,2635.000000,2656.000000,2508.000000,2527.000000,2628.000000,2714.000000,2596.000000,2584.000000,2743.000000,2800.000000,2547.000000,2654.000000,2806.000000,3126.000000,3152.000000,3110.000000,3459.000000,3749.000000,4071.000000,4240.000000,4429.000000,4816.000000,4845.000000,4701.000000,4584.000000,4578.000000,4576.000000,4546.000000,4497.000000,4896.000000,5529.000000,6056.000000,6905.000000,7861.000000,8550.000000,8683.000000,8494.000000,7912.000000,7127.000000,6323.000000,5359.000000,4545.000000,3994.000000,3769.000000,3347.000000,2878.000000,2756.000000,2825.000000,2803.000000,2470.000000,2313.000000,2324.000000,2391.000000,2171.000000,2101.000000,2096.000000,2134.000000,2050.000000,1945.000000,2038.000000,2040.000000,1931.000000,1843.000000,1846.000000,1867.000000,1934.000000,1792.000000,1860.000000,1783.000000,1950.000000,1887.000000,1718.000000,1878.000000,1889.000000,1793.000000,1774.000000,1811.000000,1871.000000,1769.000000,1651.000000,1769.000000,1760.000000,1866.000000,1816.000000,1859.000000,1770.000000,1976.000000,1877.000000,1806.000000,1919.000000,1953.000000,1906.000000,1935.000000,1847.000000,1968.000000,2142.000000,2101.000000,1908.000000,2030.000000,2062.000000,2135.000000,1990.000000,1984.000000,2039.000000,2145.000000,2067.000000,2181.000000,2260.000000,2324.000000,2372.000000,2440.000000,2535.000000,2750.000000,2776.000000,2852.000000,2928.000000,3222.000000,3489.000000,3552.000000,3704.000000,4176.000000,4623.000000,4969.000000,5692.000000,6954.000000,8626.000000,10785.000000,14109.000000,18890.000000,25561.000000,32405.000000,38655.000000,42184.000000,42661.000000,40262.000000,34960.000000,29023.000000,22870.000000,17666.000000,13249.000000,10248.000000,8266.000000,7045.000000,6013.000000,5389.000000,4956.000000,4563.000000,4289.000000,3943.000000,3793.000000,3748.000000,3674.000000,3524.000000,3321.000000,3351.000000,3376.000000,3173.000000,3068.000000,3164.000000,3096.000000,3190.000000,3138.000000,3034.000000,3044.000000,3296.000000,3153.000000,3199.000000,3283.000000,3322.000000,3422.000000,3293.000000,3282.000000,3403.000000,3615.000000,3549.000000,3671.000000,3811.000000,3868.000000,3716.000000,3739.000000,3704.000000,3797.000000,3546.000000,3442.000000,3286.000000,3266.000000,3218.000000,3011.000000,2911.000000,2939.000000,2859.000000,2615.000000,2612.000000,2476.000000,2651.000000,2570.000000,2427.000000,2408.000000,2458.000000,2449.000000,2315.000000,2314.000000,2352.000000,2469.000000,2247.000000,2230.000000,2303.000000,2352.000000,2384.000000,2373.000000,2239.000000,2417.000000,2368.000000,2274.000000,2321.000000,2363.000000,2308.000000,2290.000000,2223.000000,2311.000000,2360.000000,2322.000000,2339.000000,2212.000000,2463.000000,2312.000000,2359.000000,2322.000000,2530.000000,2507.000000,2362.000000,2576.000000,2727.000000,2763.000000,2897.000000,2787.000000,3154.000000,3251.000000,3470.000000,3761.000000,4068.000000,4527.000000,5238.000000,5749.000000,6110.000000,6580.000000,6801.000000,6613.000000,6303.000000,5831.000000,5398.000000,4894.000000,4224.000000,3910.000000,3764.000000,3435.000000,3359.000000,3102.000000,3191.000000,3074.000000,3011.000000,2917.000000,2799.000000,2927.000000,2891.000000,2685.000000,2643.000000,2706.000000,2782.000000,2729.000000,2733.000000,2616.000000,2705.000000,2691.000000,2499.000000,2708.000000,2702.000000,2571.000000,2555.000000,2642.000000,2716.000000,2713.000000,2559.000000,2732.000000,2677.000000,2830.000000,2776.000000,2782.000000,2872.000000,2883.000000,2973.000000,3006.000000,3113.000000,3090.000000,3288.000000,3134.000000,3265.000000,3305.000000,3455.000000,3542.000000,3663.000000,3928.000000,4023.000000,4184.000000,4315.000000,4792.000000,5102.000000,5747.000000,6184.000000,6823.000000,7450.000000,7945.000000,8311.000000,8342.000000,8098.000000,7851.000000,7366.000000,6823.000000,6259.000000,5901.000000,5581.000000,5097.000000,4966.000000,4823.000000,4715.000000,4689.000000,4619.000000,4597.000000,4630.000000,4592.000000,4472.000000,4555.000000,4587.000000,4609.000000,4734.000000,4788.000000,4815.000000,4904.000000,4848.000000,5005.000000,4916.000000,5131.000000,5218.000000,5096.000000,5211.000000,5362.000000,5386.000000,5363.000000,5570.000000,5610.000000,5767.000000,5883.000000,6043.000000,6045.000000,6139.000000,6199.000000,6151.000000,6385.000000,6462.000000,6426.000000,6656.000000,6652.000000,6776.000000,6871.000000,7067.000000,7056.000000,7416.000000,7556.000000,7774.000000,8150.000000,8236.000000,8436.000000,8544.000000,8595.000000,8793.000000,8714.000000,8778.000000,8666.000000,8688.000000,8728.000000,8613.000000,8671.000000,8735.000000,8910.000000,9014.000000,9129.000000,9157.000000,9292.000000,9503.000000,9651.000000,9898.000000,10162.000000,10456.000000,10846.000000,11134.000000,11649.000000,12193.000000,12686.000000,13347.000000,14037.000000,14590.000000,15298.000000,15741.000000,16229.000000,16473.000000,16837.000000,17083.000000,16980.000000,16825.000000,16806.000000,16376.000000,16060.000000,15294.000000,14731.000000,14433.000000,13656.000000,12916.000000,12503.000000,11929.000000,11532.000000,11082.000000,10610.000000,10420.000000,10069.000000,9878.000000,9393.000000,9251.000000,9044.000000,8794.000000,8679.000000,8486.000000,8381.000000,8128.000000,8139.000000,8068.000000,7949.000000,7863.000000,7794.000000,7747.000000,7660.000000,7655.000000,7508.000000,7533.000000,7381.000000,7420.000000,7323.000000,7292.000000,7251.000000,7246.000000,7142.000000,7203.000000,7122.000000,7074.000000,6855.000000,7147.000000,7071.000000,6975.000000,7041.000000,7042.000000,6910.000000,6752.000000,6937.000000,6737.000000,6597.000000,6787.000000,6718.000000,6532.000000,6616.000000,6545.000000,6595.000000,6617.000000,6558.000000,6378.000000,6488.000000,6236.000000,6370.000000,6363.000000,6223.000000,6154.000000,6242.000000,6087.000000,6135.000000,6127.000000,5913.000000,5949.000000,5979.000000,5950.000000,5991.000000,5995.000000,5853.000000,5851.000000,5761.000000,5695.000000,5713.000000,5603.000000,5695.000000,5606.000000,5664.000000,5453.000000,5479.000000,5616.000000,5437.000000,5564.000000,5567.000000,5425.000000,5424.000000,5482.000000,5508.000000,5519.000000,5440.000000,5412.000000,5415.000000,5416.000000,5374.000000,5426.000000,5452.000000,5358.000000,5404.000000,5465.000000,5467.000000,5510.000000,5463.000000,5620.000000,5638.000000,5787.000000,5739.000000,5844.000000,5936.000000,6137.000000,6025.000000,6197.000000,6158.000000,6580.000000,6748.000000,7084.000000,7590.000000,8253.000000,9264.000000,10488.000000,11722.000000,13071.000000,14241.000000,14730.000000,15068.000000,14927.000000,14544.000000,13886.000000,13087.000000,11838.000000,11005.000000,10054.000000,9345.000000,8719.000000,7997.000000,7593.000000,7201.000000,6894.000000,6766.000000,6557.000000,6420.000000,6222.000000,6067.000000,6029.000000,6077.000000,5784.000000,5657.000000,5666.000000,5438.000000,5306.000000,5036.000000,5018.000000,4969.000000,4837.000000,4709.000000,4638.000000,4571.000000,4548.000000,4536.000000,4327.000000,4427.000000,4406.000000,4230.000000,4244.000000,4326.000000,4265.000000,4295.000000,4135.000000,4156.000000,4139.000000,4166.000000,4183.000000,3974.000000,4064.000000,4095.000000,3977.000000,4043.000000,3931.000000,4052.000000,4065.000000,3798.000000,3940.000000,3963.000000,3966.000000,3905.000000,3959.000000,3852.000000,3935.000000,3879.000000,3761.000000,3809.000000,3952.000000,3819.000000,3847.000000,3813.000000,3846.000000,3848.000000,3851.000000,3841.000000,3740.000000,3915.000000,3718.000000,3611.000000,3692.000000,3808.000000,3860.000000,3593.000000,3640.000000,3722.000000,3820.000000,3692.000000,3567.000000,3638.000000,3567.000000,3672.000000,3506.000000,3525.000000,3713.000000,3611.000000,3506.000000,3383.000000,3672.000000,3650.000000,3471.000000,3315.000000,3481.000000,3418.000000,3389.000000,3207.000000,3288.000000,3402.000000,3407.000000,3232.000000,3259.000000,3390.000000,3399.000000,3237.000000,3192.000000,3334.000000,3243.000000,3341.000000,3171.000000,3246.000000,3331.000000,3304.000000,3084.000000,3167.000000,3337.000000,3215.000000,3108.000000,3162.000000,3182.000000,3223.000000,2988.000000,3032.000000,3129.000000,3155.000000,3071.000000,2890.000000,2986.000000,3153.000000,3102.000000,2785.000000,2893.000000,2973.000000,2978.000000,2933.000000,2746.000000,2886.000000,2951.000000,2815.000000,2645.000000,2851.000000,2949.000000,2825.000000,2662.000000,2738.000000,2780.000000,2835.000000,2789.000000,2527.000000,2851.000000,2734.000000,2600.000000,2517.000000,2704.000000,2695.000000,2679.000000,2430.000000,2619.000000,2740.000000,2672.000000,2441.000000,2377.000000,2546.000000,2546.000000,2442.000000,2281.000000,2505.000000,2603.000000,2477.000000,2197.000000,2473.000000,2486.000000,2371.000000,2255.000000,2212.000000,2402.000000,2259.000000,2240.000000,2166.000000,2288.000000,2553.000000,2258.000000,2066.000000,2327.000000,2390.000000,2215.000000,2145.000000,2165.000000,2219.000000,2239.000000,2136.000000,1980.000000,2170.000000,2305.000000,2256.000000,2096.000000,2130.000000,2293.000000,2264.000000,1952.000000,2052.000000,2339.000000,2135.000000,2148.000000,2034.000000,2224.000000,2328.000000,2125.000000,1938.000000,2087.000000,2186.000000,2144.000000,1993.000000,2083.000000,2237.000000,2141.000000,2028.000000,1938.000000,2207.000000,2303.000000,2116.000000,1894.000000,2183.000000,2323.000000,2135.000000,1972.000000,2089.000000,2165.000000,2176.000000,1827.000000,1966.000000,2095.000000,2061.000000,1966.000000,1906.000000,1987.000000,2207.000000,1976.000000,1921.000000,1997.000000,2122.000000,1973.000000,1834.000000,1901.000000,2080.000000,1981.000000,1841.000000,1875.000000,1970.000000,2048.000000,1924.000000,1850.000000,1833.000000,2069.000000,1876.000000,1768.000000,1745.000000,1988.000000,2027.000000,1886.000000,1806.000000,1918.000000,2006.000000,1764.000000,1687.000000,1871.000000,1985.000000,1971.000000,1868.000000,1803.000000,1979.000000,1919.000000,1805.000000,1848.000000,1875.000000,1895.000000,1826.000000,1809.000000,1898.000000,2080.000000,1843.000000,1763.000000,1890.000000,2013.000000,1928.000000,1786.000000,1833.000000,1981.000000,1973.000000,1792.000000,1771.000000,1924.000000,2024.000000,1955.000000,1664.000000,1799.000000,2044.000000,1828.000000,1770.000000,1732.000000,1951.000000,1966.000000,1736.000000,1759.000000,1894.000000,1966.000000,1835.000000,1796.000000,1878.000000,2001.000000,1919.000000,1741.000000,1786.000000,1955.000000,1816.000000,1754.000000,1808.000000,1847.000000,1859.000000,1644.000000,1663.000000,1868.000000,2029.000000,1680.000000,1696.000000,1704.000000,1904.000000,1850.000000,1726.000000,1782.000000,1728.000000,1830.000000,1717.000000,1677.000000,1763.000000,1918.000000,1801.000000,1704.000000,1787.000000,1863.000000,1795.000000,1704.000000,1662.000000,1885.000000,1913.000000,1671.000000,1616.000000,1761.000000,1872.000000,1626.000000,1622.000000,1634.000000,1782.000000,1772.000000,1823.000000,1599.000000,1801.000000,1753.000000,1678.000000,1597.000000,1823.000000,1766.000000,1693.000000,1591.000000,1727.000000,1794.000000,1693.000000,1615.000000,1699.000000,1788.000000,1707.000000,1650.000000,1589.000000,1650.000000,1768.000000,1658.000000,1493.000000,1677.000000,1675.000000,1628.000000,1583.000000,1698.000000,1758.000000,1640.000000,1572.000000,1526.000000,1713.000000,1843.000000,1762.000000,1682.000000,1553.000000,1797.000000,1734.000000,1669.000000,1689.000000,1853.000000,1738.000000,1699.000000,1703.000000,1803.000000,1857.000000,1615.000000,1628.000000,1739.000000,1910.000000,1821.000000,1626.000000,1780.000000,1791.000000,1843.000000,1640.000000,1701.000000,1678.000000,1807.000000,1640.000000,1704.000000,1854.000000,1901.000000,1849.000000,1698.000000,1716.000000,1759.000000,1730.000000,1586.000000,1661.000000,1764.000000,1727.000000,1687.000000,1659.000000,1666.000000,1618.000000,1603.000000,1688.000000,1526.000000,1629.000000,1661.000000,1585.000000,1622.000000,1647.000000,1753.000000,1701.000000,1524.000000,1627.000000,1762.000000,1616.000000,1698.000000,1690.000000,1570.000000,1695.000000,1596.000000,1649.000000,1705.000000,1617.000000,1782.000000,1558.000000,1720.000000,1716.000000,1617.000000,1583.000000,1587.000000,1694.000000,1528.000000,1579.000000,1597.000000,1568.000000,1547.000000,1412.000000,1585.000000,1628.000000,1750.000000,1585.000000,1490.000000,1421.000000,1580.000000,1531.000000,1429.000000,1487.000000,1545.000000,1542.000000,1491.000000,1487.000000,1521.000000,1531.000000,1395.000000,1422.000000,1551.000000,1500.000000,1560.000000,1419.000000,1463.000000,1483.000000,1466.000000,1448.000000,1386.000000,1489.000000,1511.000000,1407.000000,1352.000000,1461.000000,1428.000000,1459.000000,1550.000000,1368.000000,1587.000000,1496.000000,1516.000000,1389.000000,1482.000000,1509.000000,1434.000000,1466.000000,1433.000000,1539.000000,1417.000000,1455.000000,1375.000000,1379.000000,1495.000000,1435.000000,1317.000000,1428.000000,1453.000000,1451.000000,1465.000000,1468.000000,1490.000000,1362.000000,1400.000000,1340.000000,1378.000000,1421.000000,1285.000000,1336.000000,1508.000000,1371.000000,1341.000000,1408.000000,1450.000000,1324.000000,1376.000000,1494.000000,1398.000000,1429.000000,1474.000000,1360.000000,1423.000000,1441.000000,1439.000000,1405.000000,1428.000000,1414.000000,1500.000000,1531.000000,1419.000000,1394.000000,1457.000000,1412.000000,1469.000000,1436.000000,1531.000000,1443.000000,1444.000000,1428.000000,1386.000000,1569.000000,1520.000000,1474.000000,1454.000000,1531.000000,1653.000000,1522.000000,1539.000000,1589.000000,1761.000000,1741.000000,1593.000000,1706.000000,1736.000000,1693.000000,1833.000000,1903.000000,1857.000000,1872.000000,1972.000000,1907.000000,2063.000000,1983.000000,1972.000000,2196.000000,2219.000000,2173.000000,2285.000000,2312.000000,2382.000000,2410.000000,2383.000000,2358.000000,2378.000000,2349.000000,2439.000000,2366.000000,2341.000000,2341.000000,2270.000000,2335.000000,2299.000000,2136.000000,2233.000000,2235.000000,2097.000000,2291.000000,2114.000000,2239.000000,2209.000000,2219.000000,2081.000000,2141.000000,2263.000000,2304.000000,2196.000000,2160.000000,2037.000000,2048.000000,2176.000000,2104.000000,2072.000000,2046.000000,2020.000000,2166.000000,2088.000000,1912.000000,2095.000000,1968.000000,2119.000000,2052.000000,2010.000000,2039.000000,2042.000000,2002.000000,2112.000000,1959.000000,1961.000000,2117.000000,2155.000000,2152.000000,2104.000000,1987.000000,2144.000000,2018.000000,2028.000000,2130.000000,2178.000000,2136.000000,2101.000000,2136.000000,1927.000000,2109.000000,2038.000000,2006.000000,2138.000000,2172.000000,2179.000000,2221.000000,2149.000000,2209.000000,2200.000000,2137.000000,2219.000000,2164.000000,2244.000000,2330.000000,2295.000000,2362.000000,2288.000000,2392.000000,2415.000000,2414.000000,2477.000000,2426.000000,2446.000000,2439.000000,2633.000000,2602.000000,2667.000000,2629.000000,2635.000000,2786.000000,2825.000000,2866.000000,2872.000000,3024.000000,2989.000000,2995.000000,3091.000000,3202.000000,3310.000000,3289.000000,3433.000000,3426.000000,3327.000000,3591.000000,3644.000000,3718.000000,3713.000000,3872.000000,3878.000000,3860.000000,4161.000000,4173.000000,4046.000000,3971.000000,4022.000000,4029.000000,4229.000000,4045.000000,4219.000000,4267.000000,4133.000000,4068.000000,4135.000000,4212.000000,4100.000000,4240.000000,4094.000000,4233.000000,4298.000000,4288.000000,4284.000000,4281.000000,4367.000000,4409.000000,4498.000000,4416.000000,4601.000000,4681.000000,4706.000000,4777.000000,4982.000000,5124.000000,5266.000000,5365.000000,5406.000000,5645.000000,5700.000000,5917.000000,6018.000000,6423.000000,6594.000000,6714.000000,7075.000000,7379.000000,7877.000000,8339.000000,8577.000000,9205.000000,9708.000000,10089.000000,10674.000000,11416.000000,12163.000000,12762.000000,13429.000000,14151.000000,15042.000000,15777.000000,16493.000000,17149.000000,17639.000000,18403.000000,18809.000000,19324.000000,19424.000000,19463.000000,19573.000000,19382.000000,19208.000000,18720.000000,18131.000000,17134.000000,16505.000000,15808.000000,14944.000000,14100.000000,13077.000000,12368.000000,11704.000000,11044.000000,10418.000000,9739.000000,9220.000000,8834.000000,8528.000000,8137.000000,7895.000000,7730.000000,7551.000000,7310.000000,7141.000000,7057.000000,7035.000000,6866.000000,6753.000000,6783.000000,6746.000000,6661.000000,6585.000000,6608.000000,6584.000000,6509.000000,6550.000000,6441.000000,6512.000000,6280.000000,6083.000000,6103.000000,5989.000000,5946.000000,5810.000000,5639.000000,5651.000000,5612.000000,5579.000000,5411.000000,5392.000000,5346.000000,5428.000000,5296.000000,5426.000000,5250.000000,5379.000000,5176.000000,5314.000000,5243.000000,5239.000000,5286.000000,5136.000000,5145.000000,5321.000000,5333.000000,5137.000000,5116.000000,5145.000000,5086.000000,4936.000000,4884.000000,4872.000000,4727.000000,4595.000000,4508.000000,4484.000000,4378.000000,4339.000000,4018.000000,3980.000000,3926.000000,3823.000000,3620.000000,3425.000000,3436.000000,3247.000000,3099.000000,3082.000000,2955.000000,2906.000000,2869.000000,2716.000000,2593.000000,2754.000000,2671.000000,2463.000000,2392.000000,2393.000000,2415.000000,2279.000000,2138.000000,2206.000000,2139.000000,2125.000000,1916.000000,1849.000000,1973.000000,1933.000000,1842.000000,1686.000000,1786.000000,1747.000000,1681.000000,1613.000000,1621.000000,1611.000000,1625.000000,1538.000000,1494.000000,1584.000000,1454.000000,1377.000000,1277.000000,1391.000000,1382.000000,1325.000000,1130.000000,1386.000000,1302.000000,1323.000000,1179.000000,1139.000000,1145.000000,1101.000000,1063.000000,1077.000000,1118.000000,1172.000000,1058.000000,987.000000,979.000000,1091.000000,1032.000000,901.000000,943.000000,1019.000000,993.000000,842.000000,849.000000,1072.000000,1005.000000,905.000000,797.000000,871.000000,902.000000,882.000000,698.000000,882.000000,907.000000,921.000000,785.000000,825.000000,877.000000,763.000000,797.000000,724.000000,802.000000,889.000000,816.000000,695.000000,812.000000,835.000000,741.000000,714.000000,751.000000,802.000000,715.000000,647.000000,699.000000,744.000000,697.000000,637.000000,637.000000,682.000000,712.000000,696.000000,542.000000,679.000000,683.000000,756.000000,596.000000,583.000000,583.000000,719.000000,672.000000,614.000000,634.000000,711.000000,667.000000,534.000000,513.000000,665.000000,646.000000,588.000000,515.000000,587.000000,629.000000,639.000000,612.000000,583.000000,673.000000,602.000000,517.000000,534.000000,643.000000,649.000000,517.000000,605.000000,631.000000,577.000000,549.000000,540.000000,550.000000,662.000000,576.000000,587.000000,492.000000,645.000000,503.000000,544.000000,557.000000,618.000000,672.000000,590.000000,484.000000,605.000000,559.000000,512.000000,457.000000,446.000000,646.000000,504.000000,430.000000,447.000000,595.000000,587.000000,660.000000,561.000000,614.000000,507.000000,554.000000,332.000000,562.000000,629.000000,604.000000,491.000000,506.000000,575.000000,537.000000,484.000000,454.000000,573.000000,614.000000,509.000000,444.000000,613.000000,639.000000,567.000000,461.000000,518.000000,567.000000,457.000000,413.000000,546.000000,611.000000,625.000000,420.000000,419.000000,605.000000,509.000000,522.000000,426.000000,487.000000,556.000000,514.000000,497.000000,395.000000,583.000000,600.000000,521.000000,410.000000,581.000000,524.000000,516.000000,451.000000,505.000000,598.000000,602.000000,522.000000,436.000000,572.000000,461.000000,509.000000,443.000000,590.000000,630.000000,584.000000,398.000000,503.000000,463.000000,471.000000,416.000000,431.000000,659.000000,597.000000,434.000000,328.000000,533.000000,586.000000,387.000000,455.000000,530.000000,506.000000,567.000000,341.000000,479.000000,559.000000,627.000000,609.000000,412.000000,605.000000,529.000000,401.000000,361.000000,484.000000,568.000000,551.000000,411.000000,389.000000,586.000000,616.000000,525.000000,474.000000,500.000000,587.000000,524.000000,467.000000,507.000000,572.000000,538.000000,368.000000,491.000000,658.000000,520.000000,477.000000,398.000000,509.000000,513.000000,528.000000,447.000000,493.000000,599.000000,637.000000,426.000000,516.000000,528.000000,574.000000,498.000000,343.000000,616.000000,516.000000,469.000000,373.000000,479.000000,508.000000,520.000000,352.000000,348.000000,449.000000,496.000000,378.000000,462.000000,506.000000,637.000000,500.000000,349.000000,553.000000,559.000000,516.000000,250.000000,441.000000,738.000000,506.000000,382.000000,345.000000,567.000000,437.000000,379.000000,385.000000,476.000000,511.000000,476.000000,366.000000,355.000000,570.000000,435.000000,398.000000,345.000000,468.000000,457.000000,391.000000,373.000000,482.000000,454.000000,388.000000,355.000000,359.000000,489.000000,507.000000,356.000000,476.000000,423.000000,494.000000,427.000000,326.000000,510.000000,330.000000,423.000000,343.000000,453.000000,475.000000,457.000000,358.000000,333.000000,391.000000,399.000000,395.000000,377.000000,455.000000,459.000000,410.000000,337.000000,427.000000,534.000000,350.000000,233.000000,469.000000,508.000000,445.000000,361.000000,419.000000,455.000000,506.000000,424.000000,279.000000,396.000000,368.000000,381.000000,320.000000,304.000000,456.000000,478.000000,377.000000,410.000000,472.000000,488.000000,383.000000,278.000000,453.000000,510.000000,366.000000,268.000000,503.000000,384.000000,317.000000,301.000000,424.000000,578.000000,520.000000,514.000000,396.000000,432.000000,369.000000,414.000000,195.000000,406.000000,342.000000,449.000000,397.000000,278.000000,361.000000,565.000000,324.000000,273.000000,469.000000,394.000000,381.000000,184.000000,396.000000,379.000000,373.000000,362.000000,270.000000,384.000000,427.000000,254.000000,319.000000,403.000000,404.000000,364.000000,199.000000,296.000000,168.000000,76.000000,0.000000,0.000000,0.000000,0.000000,0.000000,0.000000,0.000000,0.000000,0.000000,0.000000,0.000000,0.000000,0.000000,0.000000,0.000000,0.000000,0.000000,0.000000,0.000000,0.000000,0.000000,0.000000,0.000000,0.000000,0.000000,0.000000,0.000000,0.000000,0.000000

