strScanMode=
strWave=
powervalue=
pinhole=0
grating=
slit=0
ExpTime=
unit=
strCenterWave=
strStartWave=
strEndWave=
totalnum=1
strInterFlg=
strIntervaltime=
intervalnum=0
haveTitle=0
dataFrom=0
laserWaveLength=532.0
pdX=-947.459595,-944.590088,-941.720276,-938.851257,-935.984253,-933.116943,-930.251648,-927.385986,-924.522339,-921.658325,-918.796326,-915.933960,-913.073669,-910.212952,-907.354309,-904.495300,-901.638306,-898.780945,-895.925598,-893.069885,-890.216187,-887.363342,-884.510132,-881.658936,-878.808533,-875.957764,-873.109070,-870.261169,-867.412903,-864.566650,-861.721191,-858.876587,-856.031616,-853.188660,-850.346558,-847.505188,-844.663513,-841.823853,-838.985046,-836.146973,-833.309753,-830.473389,-827.636658,-824.801880,-821.967957,-819.134827,-816.302551,-813.471069,-810.640442,-807.810608,-804.981567,-802.153320,-799.325989,-796.499390,-793.673645,-790.848694,-788.024536,-785.201233,-782.378723,-779.557068,-776.736206,-773.917297,-771.098022,-768.279602,-765.461975,-762.645142,-759.829163,-757.015137,-754.200745,-751.387207,-748.574463,-745.762512,-742.952515,-740.140991,-737.333801,-734.525085,-731.717224,-728.910095,-726.103821,-723.298340,-720.495972,-717.692078,-714.889038,-712.086792,-709.285339,-706.487000,-703.687134,-700.888062,-698.089844,-695.294739,-692.498108,-689.702271,-686.907227,-684.115295,-681.321899,-678.529297,-675.737427,-672.948730,-670.158508,-667.369080,-664.582764,-661.794922,-659.007935,-656.223999,-653.438538,-650.653931,-647.872375,-645.089355,-642.307129,-639.527954,-636.747314,-633.969788,-631.190735,-628.412415,-625.637268,-622.860596,-620.087036,-617.311951,-614.539917,-611.766418,-608.993713,-606.224060,-603.452942,-600.684937,-597.915405,-595.148926,-592.380981,-589.616089,-586.849670,-584.086365,-581.321594,-578.559875,-575.796631,-573.036499,-570.277100,-567.516235,-564.758423,-561.999146,-559.242920,-556.485229,-553.730591,-550.976685,-548.221313,-545.469055,-542.715210,-539.964478,-537.214539,-534.463135,-531.714722,-528.967102,-526.218018,-523.471985,-520.726746,-517.979980,-515.236267,-512.493347,-509.748962,-507.007599,-504.267029,-501.527222,-498.785919,-496.047668,-493.310211,-490.573517,-487.835327,-485.100189,-482.365845,-479.632263,-476.899445,-474.165161,-471.433899,-468.703400,-465.973694,-463.244751,-460.514343,-457.786926,-455.060333,-452.334473,-449.609406,-446.885101,-444.161560,-441.438812,-438.714569,-435.993347,-433.272919,-430.553223,-427.834320,-425.116180,-422.398804,-419.682220,-416.966370,-414.251312,-411.537018,-408.823486,-406.110718,-403.398712,-400.687500,-397.977020,-395.267334,-392.558380,-389.850220,-387.142822,-384.436188,-381.730286,-379.025177,-376.320831,-373.617249,-370.914429,-368.214600,-365.513306,-362.812775,-360.112976,-357.413971,-354.715698,-352.018219,-349.321472,-346.627747,-343.932526,-341.238068,-338.544373,-335.851410,-333.161469,-330.470032,-327.779388,-325.089478,-322.400299,-319.714142,-317.026489,-314.339630,-311.653473,-308.970337,-306.285706,-303.601837,-300.920959,-298.238617,-295.557007,-292.876160,-290.198273,-287.518921,-284.840332,-282.164703,-279.487610,-276.811279,-274.137909,-271.463074,-268.791199,-266.117859,-263.445282,-260.775635,-258.104553,-255.436432,-252.766830,-250.100204,-247.432098,-244.764755,-242.100357,-239.434509,-236.771606,-234.107239,-231.445831,-228.782959,-226.123047,-223.461655,-220.803223,-218.145538,-215.486389,-212.830185,-210.172531,-207.517807,-204.861633,-202.208405,-199.555908,-196.901947,-194.250946,-191.598480,-188.948944,-186.300156,-183.649902,-181.002594,-178.356018,-175.707993,-173.062897,-170.418533,-167.772720,-165.129837,-162.487701,-159.846283,-157.203415,-154.563492,-151.924286,-149.285812,-146.645905,-144.008896,-141.372635,-138.737106,-136.100128,-133.466080,-130.832748,-128.200150,-125.568291,-122.937157,-120.304581,-117.674911,-115.045982,-112.417778,-109.790306,-107.163567,-104.537552,-101.912270,-99.287720,-96.661713,-94.038620,-91.416252,-88.794617,-86.173706,-83.553528,-80.934074,-78.315346,-75.697342,-73.080070,-70.463516,-67.847694,-65.232597,-62.618229,-60.004581,-57.391659,-54.779461,-52.170151,-49.559402,-46.949371,-44.340069,-41.731487,-39.123627,-36.516491,-33.910076,-31.304380,-28.701571,-26.097319,-23.493786,-20.890976,-18.288885,-15.689672,-13.089020,-10.489087,-7.889873,-5.291377,-2.695755,-0.098696,2.497646,5.093271,7.686026,10.280217,12.873692,15.464299,18.056343,20.647671,23.236134,25.826031,28.415215,31.001535,33.589291,36.176331,38.760513,41.346127,43.928886,46.513077,49.096554,51.677174,54.259232,56.838432,59.419064,61.996845,64.576057,67.152420,69.730209,72.305153,74.881523,77.455048,80.030006,82.602119,85.175659,87.746353,90.318481,92.887764,95.458473,98.026344,100.593506,103.162102,105.727852,108.292908,110.859383,113.423027,115.985962,118.550323,121.111855,123.672684,126.234940,128.794357,131.353088,133.913223,136.470551,139.027161,141.583084,144.140427,146.694931,149.248749,151.801865,154.354279,156.908127,159.459137,162.009460,164.559082,167.108002,169.656235,172.205872,174.752701,177.298843,179.844284,182.389023,184.933075,187.476425,190.019073,192.561035,195.102310,197.642883,200.182755,202.721939,205.260422,207.798218,210.335327,212.871735,215.407455,217.942490,220.476822,223.010468,225.543411,228.075668,230.607239,233.138123,235.668320,238.197815,240.726624,243.252640,245.780075,248.306824,250.832870,253.358246,255.882919,258.404816,260.928131,263.450745,265.972656,268.493927,271.012390,273.532257,276.051453,278.569946,281.085663,283.602814,286.119232,288.632935,291.148010,293.662384,296.174011,298.687042,301.199402,303.708984,306.219971,308.730255,311.237793,313.746735,316.252899,318.760498,321.265289,323.771515,326.274963,328.779816,331.283997,333.785431,336.288239,338.788300,341.289764,343.788483,346.286499,348.785950,351.282623,353.780701,356.276031,358.772736,361.266724,363.760010,366.254730,368.746674,371.237946,373.730621,376.220551,378.709808,381.200439,383.688354,386.175598,388.664215,391.150116,393.635345,396.119904,398.605835,401.089050,403.571594,406.053436,408.536713,411.017242,413.497101,415.976288,418.454803,420.932648,423.411896,425.888397,428.364258,430.839417,433.313934,435.787781,438.260956,440.733459,443.205322,445.676483,448.147003,450.618896,453.088104,455.556610,458.024475,460.491638,462.956116,465.421997,467.887177,470.351715,472.815582,475.278809,477.741333,480.203247,482.664459,485.125031,487.584930,490.044159,492.500702,494.958618,497.415863,499.872467,502.328400,504.781647,507.236267,509.690216,512.143555,514.596191,517.046143,519.497437,521.948120,524.396118,526.845459,529.294128,531.742188,534.187561,536.634277,539.078308,541.523743,543.968506,546.410583,548.854065,551.296875,553.737000,556.178467,558.617249,561.057495,563.494995,565.933838,568.370056,570.807617,573.242554,575.678833,578.112427,580.547363,582.979675,585.413330,587.844360,590.276733,592.706421,595.135498,597.565918,599.993652,602.422791,604.849243,607.275024,609.702209,612.126770,614.550598,616.973816,619.398438,621.820374,624.241638,626.664307,629.084290,631.503662,633.922363,636.340393,638.759827,641.176636,643.592773,646.008240,648.423096,650.837280,653.252869,655.665771,658.078064,660.489685,662.900635,665.311035,667.720703,670.129761,672.538208,674.945984,677.353149,679.759644,682.165527,684.570740,686.975342,689.379272,691.782593,694.185303,696.587341,698.988708,701.389465,703.789612,706.189087,708.587952,710.984192,713.381775,715.778687,718.174988,720.570679,722.965698,725.358093,727.751892,730.145020,732.537537,734.927429,737.318665,739.709229,742.099182,744.486572,746.875244,749.263306,751.648804,754.035583,756.421753,758.805298,761.190247,763.572510,765.956177,768.339233,770.719604,773.101379,775.480530,777.861023,780.238953,782.618164,784.994812,787.372803,789.748230,792.124939,794.499084,796.874573,799.247437,801.621643,803.993286,806.364258,808.736633,811.106384,813.477478,815.846008,818.213867,820.583069,822.949707,825.315735,827.681091,830.047852,832.411987,834.775513,837.140381,839.502625,841.864258,844.225281,846.585693,848.947449,851.306641,853.665161,856.023071,858.380371,860.737061,863.093140,865.450562,867.805359,870.159607,872.513184,874.866150,877.218506,879.570251,881.921387,884.271851,886.621765,888.971008,891.319702,893.667725,896.015137,898.361938,900.708130,903.053711,905.398682,907.741028,910.084778,912.427856,914.770386,917.112305,919.453552,921.792236,924.132324,926.471741,928.810547,931.148804,933.484436,935.821411,938.157776,940.493530,942.826782,945.161316,947.495239,949.826599,952.159302,954.491394,956.820984,959.151855,961.480164,963.809875,966.138916,968.465393,970.793274,973.118530,975.445190,977.769226,980.094666,982.417542,984.741699,987.063354,989.386353,991.706787,994.028564,996.347839,998.668396,1000.986389,1003.303833,1005.622559,1007.938782,1010.254395,1012.571350,1014.885742,1017.199524,1019.514648,1021.827271,1024.139282,1026.450684,1028.763428,1031.073608,1033.383179,1035.692139,1038.002441,1040.310181,1042.617432,1044.923950,1047.229980,1049.535400,1051.840210,1054.146240,1056.449829,1058.752930,1061.055298,1063.357056,1065.658325,1067.958862,1070.258911,1072.558228,1074.857056,1077.155273,1079.452881,1081.750000,1084.046387,1086.342163,1088.637451,1090.932129,1093.226196,1095.517700,1097.810547,1100.102783,1102.394531,1104.685547,1106.976074,1109.264038,1111.553345,1113.842041,1116.130127,1118.415771,1120.702637,1122.989014,1125.274780,1127.557983,1129.842529,1132.126587,1134.408081,1136.690796,1138.973022,1141.252686,1143.533691,1145.812256,1148.092163,1150.371338,1152.648193,1154.926270,1157.201782,1159.478760,1161.753174,1164.028809,1166.302124,1168.576660,1170.848755,1173.122070,1175.392944,1177.663330,1179.934937,1182.204102,1184.474487,1186.742432,1189.009888,1191.278564,1193.544800,1195.810425,1198.077393,1200.341797,1202.605713,1204.869019,1207.133667,1209.395752,1211.657349,1213.918335,1216.180542,1218.440430,1220.699585,1222.958252,1225.216309,1227.473877,1229.730713,1231.987061,1234.244751,1236.499878,1238.754517,1241.008423,1243.261841,1245.514771,1247.766968,1250.018677,1252.269897,1254.520386,1256.770386,1259.019775,1261.268555,1263.514893,1265.762573,1268.009644,1270.256104,1272.502075,1274.747437,1276.992188,1279.234497,1281.478149,1283.721191,1285.963623,1288.205566,1290.445068,1292.685791,1294.925903,1297.163696,1299.402710,1301.641235,1303.877197,1306.114502,1308.351318,1310.585571,1312.821167,1315.056152,1317.288818,1319.522705,1321.754150,1323.986816,1326.217163,1328.448730,1330.677979,1332.908447,1335.136475,1337.365723,1339.592651,1341.820801,1344.046631,1346.273682,1348.498291,1350.722290,1352.947632,1355.170654,1357.392944,1359.616577,1361.837769,1364.058472,1366.280396,1368.500000,1370.718872,1372.937256,1375.156982,1377.374268,1379.590942,1381.807007,1384.022583,1386.239502,1388.453979,1390.667847,1392.881104,1395.093872,1397.306030,1399.517700,1401.728760,1403.939209,1406.149170,1408.358521,1410.567383,1412.775635,1414.983398,1417.190430,1419.397095,1421.603027,1423.808472,1426.013428,1428.217773,1430.421509,1432.624756,1434.825562,1437.027588,1439.229126,1441.430176,1443.630615,1445.828613,1448.027954,1450.226685,1452.424805,1454.620605,1456.817749,1459.014282,1461.210205,1463.403809,1465.598633,1467.792969,1469.984863,1472.177979,1474.368774,1476.560913,1478.750610,1480.941528,1483.131958,1485.319946,1487.509277,1489.696167,1491.884399,1494.070190,1496.255493,1498.442017,1500.626099,1502.811523,1504.994629,1507.178955,1509.360962,1511.542358,1513.724976,1515.905273,1518.085083,1520.265991,1522.444702,1524.622803,1526.800293,1528.979126,1531.155640,1533.331543,1535.506836,1537.681641,1539.855957,1542.031494,1544.204590,1546.377197,1548.549316,1550.720825,1552.891724,1555.062256,1557.232056,1559.401367,1561.570190,1563.738403,1565.906128,1568.073242,1570.239868,1572.405884,1574.571411,1576.736450,1578.900879,1581.064697,1583.228027,1585.390869,1587.551270,1589.713013,1591.874146,1594.034790,1596.194824,1598.352539,1600.511597,1602.670044,1604.828003,1606.983521,1609.140381,1611.296631,1613.450562,1615.605713,1617.760376,1619.912720,1622.066284,1624.217529,1626.370117,1628.521973,1630.671631,1632.822510,1634.971069,1637.120850,1639.268311,1641.417114,1643.563477,1645.711182,1647.856445,1650.001221,1652.147339,1654.291016,1656.434204,1658.578613,1660.720703,1662.864014,1665.005127,1667.145630,1669.285522,1671.426758,1673.565674,1675.703979,1677.841797,1679.980835,1682.117676,1684.253906,1686.389526,1688.524658,1690.659302,1692.793457,1694.928711,1697.061768,1699.194214,1701.326172,1703.457642,1705.588501,1707.718872,1709.848755,1711.978027,1714.106812,1716.234985,1718.362793,1720.488159,1722.614746,1724.740967,1726.866455,1728.991577,1731.116089,1733.240112,1735.361816,1737.484741,1739.607178,1741.729004,1743.850342,1745.969482,1748.089722,1750.209595,1752.327026,1754.445679,1756.563965,1758.679810,1760.796997,1762.913574,1765.027954,1767.143433,1769.256714,1771.371216,1773.483521,1775.596924,1777.708130,1779.820557,1781.930664,1784.041992,1786.151123,1788.261475,1790.369507,1792.476929,1794.585693,1796.692139,1798.798096,1800.905273,1803.010254,1805.114624,1807.220215,1809.323486,1811.426392,1813.528687,1815.632202,1817.733398,1819.834106,1821.934326,1824.034058,1826.133179,1828.233643,1830.331787,1832.429321,1834.526489,1836.623047,1838.719116,1840.814575,1842.909668,1845.004150,1847.098145,1849.191650,1851.284546,1853.376953,1855.468872,1857.560303,1859.651245,1861.739746,1863.829712,1865.918945,1868.007813,1870.096069,1872.183960,1874.269409,1876.356201,1878.442383,1880.528198,1882.611572,1884.696289,1886.780518,1888.862427,1890.945557,1893.028198,1895.108643,1897.190308,1899.269653,1901.350220,1903.430298,1905.508179,1907.587158,1909.664063,1911.742065,1913.817871,1915.894897,1917.969604,1920.043823,1922.119385,1924.192627,1926.267090,1928.339233,1930.411011,1932.483887,1934.554565,1936.624756,1938.696167,1940.765381,1942.833984,1944.902100,1946.969727,1949.038574,1951.105225,1953.171387,1955.236938,1957.302124,1959.366699,1961.432495,1963.496094,1965.559082,1967.621704,1969.683716,1971.745361,1973.806396,1975.866943,1977.927002,1979.986572,1982.045532,1984.104126,1986.160400,1988.217896,1990.274902,1992.331421,1994.387451,1996.442993,1998.497925,2000.550781,2002.604736,2004.658203,2006.711182,2008.761963,2010.813965,2012.865479,2014.914795,2016.965210,2019.015259,2021.062988,2023.111938,2025.160522,2027.206787,2029.254272,2031.299561,2033.345947,2035.390259,2037.435791,2039.479004,2041.523560,2043.565796,2045.609253,2047.650513,2049.691406,2051.733398,2053.773193,2055.814209,2057.852783,2059.891113,2061.928955,2063.968018,2066.004883,2068.041016,2070.076904,2072.114014,2074.148682,2076.183105,2078.217041,2080.250244,2082.284912,2084.317139,2086.349121,2088.380371,2090.411377,2092.441650,2094.471436,2096.500977,2098.529785,2100.558105,2102.586182,2104.613525,2106.640381,2108.666748,2110.692871,2112.716553,2114.741455,2116.765869,2118.789795,2120.813477,2122.836426,2124.857178,2126.879150,2128.900635,2130.921631,2132.940674,2134.960693,2136.980225,2138.997559,2141.016113,2143.034180,2145.050049,2147.067139,2149.082031,2151.098145,2153.112305,2155.127441,2157.140381,2159.154541,2161.166504,2163.179688,2165.190674,2167.202881,2169.213135,2171.222656,2173.233398,2175.241943,2177.251709,2179.259521,2181.266602,2183.273193,2185.281006,2187.286865,2189.291992,2191.296631,2193.302490,2195.306396,2197.309570,2199.312500,2201.314697,2203.316406,2205.317871,2207.318604,2209.320801,2211.320557,2213.320068,2215.318848,2217.317383,2219.315430,2221.311035,2223.308105,2225.304688,2227.300537,2229.296143,2231.291260,2233.285889,2235.280029,2237.271973,2239.265137,2241.257813,2243.250000,2245.241699,2247.231201,2249.221924,2251.212158,2253.200439,2255.189697,2257.178467,2259.165283,2261.153076,2263.138672,2265.125732,2267.112061,2269.096436,2271.082031,2273.065186,2275.049805,2277.032227,2279.015869,2280.997314,2282.978271,2284.960449,2286.940430,2288.921631,2290.900635,2292.879150,2294.857422,2296.836670,2298.813965,2300.790527,2302.768555,2304.744141,2306.719482,2308.694336,2310.668701,2312.642334,2314.617432,2316.590332,2318.562744,2320.534912,2322.506348,2324.477295,2326.447754,2328.417969,2330.387451,2332.356689,2334.325439,2336.293457,2338.261230,2340.228516,2342.193604,2344.159912,2346.125732,2348.091064,2350.056152,2352.020508,2353.982910,2355.946289,2357.909424,2359.871826,2361.832275,2363.793945,2365.755127,2367.714111,2369.674316,2371.634033,2373.591797,2375.550537,2377.507324,2379.465088,2381.420898,2383.377686,2385.332520,2387.288574,2389.242432,2391.197510,2393.150635,2395.103027,2397.056885,2399.008301,2400.959473,2402.911865,2404.861816,2406.811768,2408.762451,2410.711426,2412.659668,2414.607422,2416.556641,2418.503418,2420.449951,2422.395996,2424.341553,2426.286621,2428.231201,2430.175293,2432.119141,2434.062256,2436.005127,2437.947510,2439.889160,2441.830566,2443.771484,2445.712158,2447.652100,2449.591553,2451.530762,2453.469238,2455.407471,2457.343506,2459.280762,2461.217529,2463.154053,2465.088135,2467.023682,2468.958496,2470.893066,2472.825439,2474.759033,2476.690430,2478.623291,2480.555420,2482.485596,2484.416748,2486.345947,2488.276367,2490.204590,2492.134033,2494.061523,2495.989990,2497.916504,2499.844238,2501.769775,2503.694824,2505.621094,2507.545410,2509.468994,2511.394043,2513.316895,2515.239258,2517.161133,2519.084229,2521.005127,2522.925781,2524.845947,2526.765625,2528.684814,2530.603516,2532.523438,2534.441162,2536.358643,2538.275635,2540.192139,2542.108154,2544.023682,2545.938721,2547.853516,2549.766113,2551.679932,2553.593262,2555.506104,2557.418457,2559.330566,2561.241943,2563.151367,2565.062012,2566.972168,2568.882080,2570.789551,2572.698486,2574.606934,2576.513184,2578.420654,2580.327637,2582.232666,2584.138916,2586.042969,2587.948242,2589.851318,2591.755615,2593.657959,2595.561279,2597.462891,2599.365234,2601.265869,2603.166016,2605.067139,2606.966309,2608.866699,2610.764893,2612.662842,2614.560059,2616.458740,2618.355225,2620.251221,2622.146729,2624.041992,2625.938232,2627.832520,2629.726318,2631.619873,2633.512695,2635.405273,2637.297363,2639.188965,2641.080078,2642.970703,2644.861084,2646.750977,2648.640381,2650.529297,2652.417725,2654.305908,2656.193604,2658.079102,2659.965820,2661.852051,2663.738037,2665.623535,2667.506836,2669.391357,2671.275391,2673.157471,2675.040771,2676.923584,2678.804199,2680.686279,2682.566162,2684.447021,2686.327637,2688.206299,2690.085938,2691.963623,2693.842529,2695.719238,2697.595703,2699.473145,2701.348633,2703.225342,2705.100098,2706.974121,2708.849609,2710.722900,2712.595703,2714.468018,2716.341797,2718.213379,2720.084473,2721.955078,2723.825439,2725.695313,2727.566162,2729.435059,2731.303711,2733.171631,2735.039307,2736.906494,2738.773438,2740.639648,2742.505615,2744.371094,2746.236084,2748.099121,2749.963379,2751.827148,2753.690430,2755.553223,2757.415771,2759.276123,2761.137939,2762.999023,2764.859619,2766.718506,2768.578369,2770.437744,2772.295166,2774.153564,2776.011719,2777.867920,2779.725342,2781.580566,2783.437012,2785.291260,2787.146973,2789.000488,2790.855225,2792.707764,2794.560059,2796.413574,2798.264893,2800.117432,2801.968018,2803.818115,2805.667725,2807.518555,2809.367432,2811.215820,2813.063965,2814.912842,2816.760010,2818.606689,2820.453125,2822.298828,2824.144287,2825.989258,2827.833984,2829.677979,2831.521729,2833.364990,2835.208008,2837.050293,2838.892334,2840.733887,2842.575195,2844.415771,2846.256104,2848.094482,2849.934082,2851.772949,2853.611572,2855.449707,2857.286133,2859.123291,2860.960205,2862.795166,2864.631348,2866.467041,2868.300537,2870.135498,2871.968262,2873.802246,2875.634277,2877.467285,2879.298584,2881.130859,2882.960938,2884.792480,2886.621826,2888.450928,2890.281250,2892.109375,2893.937012,2895.766113,2897.593018,2899.419434,2901.245605,2903.072754,2904.897949,2906.722900,2908.547363,2910.371338,2912.194824,2914.018066,2915.842285,2917.664551,2919.486572,2921.308105,2923.129150,2924.949707,2926.770020,2928.588379,2930.407715,2932.226807,2934.045166,2935.863525,2937.681152,2939.498535,2941.313721,2943.130371,2944.946289,2946.761963,2948.575684,2950.390625,2952.204834,2954.017334,2955.831055,2957.642578,2959.455322,2961.267578,2963.078125,2964.889648,2966.699219,2968.509766,2970.318604,2972.128418,2973.936279,2975.743652,2977.552246,2979.358887,2981.165283,2982.972656,2984.778076,2986.583008,2988.387695,2990.193359,2991.997070,2993.800537,2995.603516,2997.406006,2999.208008,3001.011230,3002.812500,3004.613525,3006.414063,3008.214111,3010.013672,3011.812988,3013.611816,3015.410156,3017.206787,3019.004395,3020.801514,3022.598389,3024.394775,3026.190674,3027.986328,3029.779785,3031.574707,3033.368896,3035.161377,3036.954834,3038.748047,3040.539307,3042.331543,3044.123291,3045.913330,3047.704346,3049.493652,3051.283936,3053.072266,3054.861572,3056.649170,3058.437744,3060.224609,3062.010742,3063.798340,3065.583740,3067.368896,3069.155029,3070.939209,3072.723145,3074.506592,3076.291260,3078.073975,3079.856201,3081.637939,3083.419434,3085.200439,3086.982666,3088.762939,3090.542725,3092.322021,3094.101074,3095.879883,3097.657959,3099.435791,3101.211670,3102.988770,3104.765381,3106.541504,3108.317383,3110.092773,3111.867676,3113.640869,3115.415039,3117.188965,3118.960693,3120.733643,3122.506348,3124.277100,3126.048828,3127.820313,3129.589844,3131.360352,3133.128906,3134.898682,3136.666748,3138.435791,3140.202881,3141.970947,3143.737305,3145.503174,3147.270264,3149.035156,3150.800049,3152.565674,3154.329590,3156.093262,3157.856201,3159.620605,3161.382813,3163.144775,3164.906250,3166.667480,3168.427979,3170.188477,3171.948242,3173.709473,3175.468506,3177.227295,3178.984131,3180.742188,3182.499756,3184.256836,3186.013672,3187.770020,3189.525879,3191.281494,3193.035156,3194.790039,3196.544434,3198.298340,3200.050537,3201.803711,3203.556396,3205.307373,3207.059570,3208.811035,3210.560791,3212.311768,3214.060791,3215.810791,3217.558838,3219.308105,3221.055664,3222.804199,3224.550781,3226.296875,3228.044189,3229.789795,3231.534668,3233.281006,3235.025146,3236.769043,3238.512451,3240.257080,3241.999756,3243.742188,3245.484131,3247.225586,3248.966797,3250.707520,3252.447754,3254.187744,3255.927490,3257.666504,3259.405273,3261.143799,3262.881836,3264.619385,3266.356689,3268.093506,3269.830078,3271.564697,3273.300293,3275.035645,3276.770508,3278.503662,3280.237793,3281.971436,3283.703369,3285.436523,3287.168945,3288.899658,3290.631592,3292.361572,3294.092529,3295.821777,3297.552002,3299.280518,3301.010010,3302.737549,3304.466309,3306.193115,3307.919678,3309.647217,3311.373047,3313.098389,3314.823242,3316.549316,3318.273438,3319.997314,3321.720703,3323.443848,3325.166504,3326.888672,3328.612061,3330.333496,3332.054688,3333.775391,3335.495850,3337.215820,3338.933838,3340.653076,3342.371826,3344.090332,3345.808350,3347.526123,3349.243408,3350.958740,3352.675293,3354.391357,3356.107178,3357.821045,3359.536133,3361.250732,3362.963623,3364.677490,3366.389404,3368.102539,3369.813721,3371.526123,3373.236572,3374.948242,3376.657959,3378.368652,3380.077637,3381.786377,3383.496094,3385.203857,3386.911377,3388.619873,3390.326660,3392.032959,3393.739014,3395.445801,3397.151123,3398.855957,3400.560303,3402.264404,3403.968262,3405.671387,3407.374512,3409.076904,3410.779053,3412.480957,3414.182373,3415.883545,3417.584229,3419.284424,3420.984375,3422.682373,3424.381592,3426.080322,3427.778809,3429.476807,3431.173096,3432.870361,3434.567383,3436.262451,3437.958740,3439.653076,3441.348389,3443.043457,3444.736816,3446.430908,3448.123535,3449.815674,3451.508789,3453.200195,3454.892578,3456.583252,3458.273438,3459.964844,3461.654297,3463.343506
pdY=579.000000,568.000000,576.000000,568.000000,571.000000,565.000000,569.000000,573.000000,580.000000,578.000000,573.000000,567.000000,567.000000,579.000000,569.000000,567.000000,574.000000,571.000000,573.000000,570.000000,569.000000,581.000000,575.000000,573.000000,565.000000,564.000000,571.000000,572.000000,579.000000,578.000000,572.000000,578.000000,572.000000,577.000000,573.000000,570.000000,576.000000,573.000000,567.000000,565.000000,576.000000,576.000000,571.000000,574.000000,574.000000,575.000000,574.000000,572.000000,567.000000,575.000000,573.000000,567.000000,575.000000,573.000000,575.000000,580.000000,585.000000,578.000000,568.000000,572.000000,578.000000,572.000000,574.000000,575.000000,584.000000,581.000000,576.000000,571.000000,584.000000,582.000000,574.000000,576.000000,577.000000,575.000000,579.000000,576.000000,572.000000,571.000000,579.000000,573.000000,575.000000,577.000000,582.000000,581.000000,571.000000,582.000000,570.000000,569.000000,564.000000,580.000000,590.000000,565.000000,574.000000,572.000000,575.000000,575.000000,580.000000,567.000000,565.000000,570.000000,573.000000,576.000000,570.000000,574.000000,571.000000,579.000000,584.000000,572.000000,580.000000,574.000000,571.000000,569.000000,569.000000,589.000000,571.000000,574.000000,573.000000,577.000000,573.000000,580.000000,575.000000,573.000000,579.000000,574.000000,572.000000,569.000000,579.000000,582.000000,578.000000,582.000000,573.000000,582.000000,577.000000,581.000000,567.000000,570.000000,575.000000,580.000000,581.000000,576.000000,572.000000,574.000000,572.000000,574.000000,583.000000,575.000000,575.000000,575.000000,576.000000,579.000000,577.000000,582.000000,577.000000,580.000000,577.000000,572.000000,582.000000,572.000000,577.000000,574.000000,583.000000,577.000000,576.000000,572.000000,576.000000,575.000000,582.000000,573.000000,576.000000,575.000000,570.000000,571.000000,572.000000,575.000000,576.000000,565.000000,578.000000,578.000000,574.000000,578.000000,560.000000,582.000000,579.000000,576.000000,571.000000,581.000000,574.000000,576.000000,573.000000,578.000000,574.000000,580.000000,577.000000,574.000000,580.000000,570.000000,570.000000,577.000000,576.000000,578.000000,572.000000,577.000000,584.000000,581.000000,574.000000,576.000000,578.000000,579.000000,584.000000,573.000000,573.000000,577.000000,571.000000,576.000000,575.000000,576.000000,573.000000,566.000000,568.000000,567.000000,578.000000,565.000000,587.000000,573.000000,568.000000,580.000000,574.000000,571.000000,569.000000,567.000000,581.000000,571.000000,574.000000,577.000000,578.000000,570.000000,575.000000,567.000000,575.000000,574.000000,581.000000,586.000000,583.000000,578.000000,580.000000,574.000000,574.000000,574.000000,567.000000,575.000000,571.000000,571.000000,583.000000,580.000000,574.000000,582.000000,574.000000,576.000000,575.000000,581.000000,579.000000,577.000000,569.000000,580.000000,565.000000,584.000000,584.000000,577.000000,572.000000,575.000000,579.000000,582.000000,564.000000,578.000000,574.000000,573.000000,575.000000,579.000000,572.000000,565.000000,574.000000,568.000000,577.000000,586.000000,571.000000,581.000000,577.000000,579.000000,574.000000,577.000000,594.000000,580.000000,575.000000,575.000000,574.000000,577.000000,580.000000,568.000000,567.000000,576.000000,574.000000,570.000000,575.000000,568.000000,575.000000,568.000000,569.000000,566.000000,572.000000,570.000000,573.000000,573.000000,575.000000,573.000000,571.000000,573.000000,570.000000,565.000000,574.000000,571.000000,574.000000,580.000000,568.000000,567.000000,579.000000,568.000000,574.000000,563.000000,575.000000,570.000000,574.000000,565.000000,572.000000,581.000000,574.000000,579.000000,576.000000,569.000000,577.000000,570.000000,579.000000,586.000000,570.000000,578.000000,566.000000,574.000000,575.000000,570.000000,572.000000,580.000000,572.000000,577.000000,570.000000,575.000000,577.000000,580.000000,577.000000,572.000000,571.000000,576.000000,577.000000,575.000000,578.000000,561.000000,570.000000,587.000000,582.000000,579.000000,578.000000,562.000000,578.000000,577.000000,575.000000,575.000000,580.000000,583.000000,577.000000,569.000000,577.000000,580.000000,574.000000,576.000000,575.000000,574.000000,581.000000,564.000000,575.000000,590.000000,573.000000,589.000000,572.000000,582.000000,584.000000,579.000000,585.000000,578.000000,600.000000,586.000000,579.000000,591.000000,600.000000,600.000000,614.000000,651.000000,685.000000,737.000000,835.000000,930.000000,1089.000000,1452.000000,1870.000000,2233.000000,2337.000000,2430.000000,2373.000000,2187.000000,1749.000000,1402.000000,1105.000000,967.000000,875.000000,803.000000,749.000000,706.000000,677.000000,643.000000,640.000000,615.000000,618.000000,635.000000,613.000000,627.000000,627.000000,654.000000,664.000000,731.000000,860.000000,1043.000000,1329.000000,1620.000000,2007.000000,2318.000000,2500.000000,2619.000000,2676.000000,2719.000000,2718.000000,2652.000000,2670.000000,2695.000000,2641.000000,2712.000000,2626.000000,2634.000000,2690.000000,2686.000000,2696.000000,2710.000000,2650.000000,2719.000000,2676.000000,2686.000000,2657.000000,2656.000000,2699.000000,2683.000000,2637.000000,2623.000000,2657.000000,2688.000000,2692.000000,2696.000000,2723.000000,2681.000000,2720.000000,2689.000000,2722.000000,2694.000000,2659.000000,2636.000000,2673.000000,2681.000000,2698.000000,2710.000000,2650.000000,2691.000000,2656.000000,2697.000000,2620.000000,2653.000000,2701.000000,2665.000000,2658.000000,2632.000000,2660.000000,2658.000000,2691.000000,2703.000000,2690.000000,2706.000000,2710.000000,2708.000000,2685.000000,2680.000000,2710.000000,2758.000000,2732.000000,2679.000000,2697.000000,2720.000000,2776.000000,2694.000000,2735.000000,2730.000000,2706.000000,2706.000000,2707.000000,2714.000000,2694.000000,2722.000000,2705.000000,2742.000000,2721.000000,2677.000000,2701.000000,2745.000000,2732.000000,2761.000000,2775.000000,2754.000000,2725.000000,2791.000000,2793.000000,2736.000000,2767.000000,2741.000000,2740.000000,2738.000000,2737.000000,2749.000000,2675.000000,2708.000000,2683.000000,2715.000000,2654.000000,2684.000000,2713.000000,2699.000000,2752.000000,2729.000000,2718.000000,2696.000000,2743.000000,2754.000000,2741.000000,2691.000000,2733.000000,2706.000000,2735.000000,2718.000000,2770.000000,2682.000000,2700.000000,2692.000000,2713.000000,2639.000000,2676.000000,2763.000000,2710.000000,2731.000000,2697.000000,2693.000000,2683.000000,2711.000000,2693.000000,2745.000000,2708.000000,2747.000000,2698.000000,2690.000000,2765.000000,2679.000000,2700.000000,2727.000000,2682.000000,2740.000000,2736.000000,2698.000000,2707.000000,2674.000000,2680.000000,2709.000000,2656.000000,2699.000000,2720.000000,2720.000000,2647.000000,2708.000000,2692.000000,2688.000000,2707.000000,2736.000000,2713.000000,2710.000000,2697.000000,2692.000000,2718.000000,2779.000000,2723.000000,2779.000000,2811.000000,2873.000000,3059.000000,3180.000000,3415.000000,4117.000000,5077.000000,5773.000000,6144.000000,6588.000000,6622.000000,6004.000000,4440.000000,3389.000000,3064.000000,2936.000000,2849.000000,2793.000000,2787.000000,2768.000000,2788.000000,2748.000000,2716.000000,2748.000000,2702.000000,2737.000000,2673.000000,2688.000000,2702.000000,2662.000000,2687.000000,2707.000000,2632.000000,2622.000000,2623.000000,2650.000000,2672.000000,2651.000000,2677.000000,2734.000000,2705.000000,2700.000000,2689.000000,2675.000000,2706.000000,2702.000000,2679.000000,2717.000000,2738.000000,2741.000000,2704.000000,2712.000000,2707.000000,2689.000000,2691.000000,2664.000000,2698.000000,2701.000000,2686.000000,2731.000000,2702.000000,2729.000000,2653.000000,2706.000000,2648.000000,2651.000000,2687.000000,2707.000000,2701.000000,2695.000000,2683.000000,2739.000000,2695.000000,2671.000000,2704.000000,2633.000000,2669.000000,2650.000000,2674.000000,2752.000000,2716.000000,2700.000000,2666.000000,2684.000000,2687.000000,2709.000000,2724.000000,2699.000000,2738.000000,2718.000000,2672.000000,2677.000000,2700.000000,2706.000000,2648.000000,2714.000000,2656.000000,2723.000000,2709.000000,2706.000000,2659.000000,2660.000000,2711.000000,2685.000000,2703.000000,2663.000000,2670.000000,2641.000000,2677.000000,2653.000000,2735.000000,2655.000000,2718.000000,2722.000000,2708.000000,2678.000000,2630.000000,2723.000000,2706.000000,2630.000000,2686.000000,2732.000000,2682.000000,2671.000000,2707.000000,2709.000000,2679.000000,2719.000000,2679.000000,2654.000000,2716.000000,2706.000000,2726.000000,2689.000000,2714.000000,2730.000000,2654.000000,2673.000000,2679.000000,2696.000000,2703.000000,2729.000000,2705.000000,2666.000000,2648.000000,2738.000000,2666.000000,2727.000000,2645.000000,2700.000000,2700.000000,2703.000000,2687.000000,2675.000000,2675.000000,2683.000000,2678.000000,2706.000000,2698.000000,2699.000000,2673.000000,2664.000000,2745.000000,2717.000000,2699.000000,2703.000000,2684.000000,2689.000000,2723.000000,2713.000000,2711.000000,2727.000000,2681.000000,2743.000000,2708.000000,2721.000000,2705.000000,2738.000000,2751.000000,2774.000000,2744.000000,2757.000000,2775.000000,2793.000000,2786.000000,2768.000000,2829.000000,2853.000000,2810.000000,2805.000000,2850.000000,2836.000000,2826.000000,2841.000000,2830.000000,2832.000000,2818.000000,2782.000000,2830.000000,2829.000000,2833.000000,2831.000000,2778.000000,2732.000000,2833.000000,2766.000000,2745.000000,2739.000000,2752.000000,2760.000000,2762.000000,2775.000000,2733.000000,2679.000000,2669.000000,2672.000000,2727.000000,2701.000000,2682.000000,2687.000000,2673.000000,2659.000000,2696.000000,2681.000000,2690.000000,2685.000000,2661.000000,2692.000000,2644.000000,2606.000000,2599.000000,2646.000000,2652.000000,2672.000000,2692.000000,2687.000000,2666.000000,2686.000000,2688.000000,2674.000000,2652.000000,2669.000000,2649.000000,2656.000000,2675.000000,2662.000000,2686.000000,2648.000000,2661.000000,2652.000000,2686.000000,2676.000000,2674.000000,2647.000000,2673.000000,2669.000000,2666.000000,2676.000000,2693.000000,2613.000000,2701.000000,2671.000000,2660.000000,2675.000000,2667.000000,2722.000000,2637.000000,2618.000000,2659.000000,2640.000000,2644.000000,2678.000000,2656.000000,2605.000000,2601.000000,2661.000000,2599.000000,2618.000000,2629.000000,2617.000000,2627.000000,2630.000000,2605.000000,2620.000000,2634.000000,2620.000000,2638.000000,2661.000000,2653.000000,2642.000000,2614.000000,2675.000000,2611.000000,2666.000000,2626.000000,2705.000000,2656.000000,2695.000000,2649.000000,2681.000000,2599.000000,2662.000000,2640.000000,2651.000000,2647.000000,2705.000000,2673.000000,2644.000000,2594.000000,2671.000000,2602.000000,2591.000000,2628.000000,2653.000000,2610.000000,2637.000000,2618.000000,2659.000000,2634.000000,2599.000000,2580.000000,2665.000000,2629.000000,2614.000000,2623.000000,2604.000000,2693.000000,2596.000000,2551.000000,2541.000000,2605.000000,2580.000000,2572.000000,2614.000000,2589.000000,2613.000000,2668.000000,2564.000000,2625.000000,2620.000000,2593.000000,2605.000000,2629.000000,2644.000000,2577.000000,2568.000000,2612.000000,2600.000000,2594.000000,2664.000000,2612.000000,2601.000000,2613.000000,2611.000000,2578.000000,2593.000000,2608.000000,2575.000000,2592.000000,2591.000000,2608.000000,2615.000000,2619.000000,2627.000000,2596.000000,2559.000000,2546.000000,2562.000000,2533.000000,2603.000000,2576.000000,2590.000000,2545.000000,2606.000000,2537.000000,2585.000000,2555.000000,2541.000000,2568.000000,2571.000000,2582.000000,2575.000000,2650.000000,2635.000000,2576.000000,2594.000000,2627.000000,2571.000000,2556.000000,2654.000000,2596.000000,2578.000000,2629.000000,2612.000000,2651.000000,2584.000000,2611.000000,2594.000000,2558.000000,2594.000000,2567.000000,2585.000000,2597.000000,2613.000000,2572.000000,2560.000000,2618.000000,2586.000000,2574.000000,2563.000000,2567.000000,2586.000000,2537.000000,2550.000000,2589.000000,2539.000000,2563.000000,2511.000000,2554.000000,2575.000000,2554.000000,2538.000000,2578.000000,2545.000000,2509.000000,2532.000000,2503.000000,2584.000000,2585.000000,2546.000000,2593.000000,2551.000000,2556.000000,2580.000000,2538.000000,2537.000000,2539.000000,2598.000000,2568.000000,2533.000000,2586.000000,2546.000000,2570.000000,2546.000000,2500.000000,2573.000000,2556.000000,2570.000000,2580.000000,2575.000000,2592.000000,2514.000000,2565.000000,2598.000000,2525.000000,2596.000000,2531.000000,2542.000000,2531.000000,2577.000000,2591.000000,2552.000000,2600.000000,2526.000000,2562.000000,2593.000000,2558.000000,2582.000000,2544.000000,2549.000000,2578.000000,2535.000000,2547.000000,2559.000000,2486.000000,2537.000000,2555.000000,2587.000000,2573.000000,2527.000000,2543.000000,2550.000000,2575.000000,2572.000000,2568.000000,2549.000000,2597.000000,2561.000000,2561.000000,2561.000000,2515.000000,2591.000000,2598.000000,2603.000000,2603.000000,2587.000000,2537.000000,2536.000000,2563.000000,2598.000000,2554.000000,2588.000000,2585.000000,2564.000000,2550.000000,2588.000000,2581.000000,2552.000000,2546.000000,2642.000000,2535.000000,2552.000000,2580.000000,2558.000000,2514.000000,2589.000000,2541.000000,2548.000000,2499.000000,2515.000000,2525.000000,2510.000000,2504.000000,2565.000000,2519.000000,2513.000000,2569.000000,2525.000000,2535.000000,2536.000000,2527.000000,2563.000000,2503.000000,2534.000000,2526.000000,2575.000000,2533.000000,2591.000000,2514.000000,2542.000000,2561.000000,2562.000000,2569.000000,2539.000000,2544.000000,2544.000000,2556.000000,2553.000000,2546.000000,2542.000000,2536.000000,2547.000000,2569.000000,2504.000000,2509.000000,2549.000000,2546.000000,2526.000000,2524.000000,2521.000000,2520.000000,2589.000000,2588.000000,2538.000000,2558.000000,2561.000000,2595.000000,2591.000000,2559.000000,2502.000000,2514.000000,2498.000000,2521.000000,2515.000000,2544.000000,2533.000000,2528.000000,2480.000000,2545.000000,2490.000000,2516.000000,2474.000000,2507.000000,2517.000000,2510.000000,2529.000000,2502.000000,2513.000000,2523.000000,2517.000000,2577.000000,2500.000000,2514.000000,2467.000000,2538.000000,2540.000000,2552.000000,2519.000000,2495.000000,2528.000000,2542.000000,2550.000000,2478.000000,2571.000000,2515.000000,2553.000000,2524.000000,2510.000000,2520.000000,2499.000000,2550.000000,2487.000000,2542.000000,2526.000000,2531.000000,2529.000000,2524.000000,2507.000000,2524.000000,2490.000000,2562.000000,2546.000000,2536.000000,2488.000000,2507.000000,2479.000000,2531.000000,2519.000000,2511.000000,2510.000000,2523.000000,2491.000000,2507.000000,2477.000000,2500.000000,2502.000000,2511.000000,2529.000000,2538.000000,2508.000000,2473.000000,2529.000000,2465.000000,2506.000000,2547.000000,2509.000000,2516.000000,2464.000000,2525.000000,2516.000000,2493.000000,2509.000000,2509.000000,2477.000000,2466.000000,2551.000000,2528.000000,2501.000000,2526.000000,2528.000000,2492.000000,2513.000000,2535.000000,2526.000000,2529.000000,2507.000000,2514.000000,2570.000000,2503.000000,2524.000000,2505.000000,2527.000000,2517.000000,2514.000000,2498.000000,2520.000000,2540.000000,2529.000000,2516.000000,2526.000000,2513.000000,2512.000000,2565.000000,2498.000000,2558.000000,2520.000000,2557.000000,2512.000000,2520.000000,2461.000000,2529.000000,2522.000000,2495.000000,2514.000000,2508.000000,2457.000000,2499.000000,2495.000000,2482.000000,2520.000000,2501.000000,2450.000000,2586.000000,2503.000000,2491.000000,2527.000000,2492.000000,2483.000000,2494.000000,2530.000000,2522.000000,2520.000000,2510.000000,2497.000000,2471.000000,2524.000000,2516.000000,2520.000000,2499.000000,2498.000000,2525.000000,2506.000000,2493.000000,2481.000000,2549.000000,2530.000000,2546.000000,2505.000000,2496.000000,2526.000000,2499.000000,2478.000000,2494.000000,2525.000000,2512.000000,2522.000000,2506.000000,2528.000000,2508.000000,2519.000000,2488.000000,2489.000000,2487.000000,2527.000000,2503.000000,2529.000000,2530.000000,2512.000000,2498.000000,2486.000000,2520.000000,2517.000000,2556.000000,2535.000000,2531.000000,2456.000000,2509.000000,2497.000000,2492.000000,2476.000000,2528.000000,2523.000000,2489.000000,2507.000000,2529.000000,2507.000000,2492.000000,2498.000000,2483.000000,2503.000000,2524.000000,2522.000000,2517.000000,2502.000000,2481.000000,2487.000000,2527.000000,2498.000000,2488.000000,2536.000000,2462.000000,2535.000000,2466.000000,2531.000000,2514.000000,2526.000000,2532.000000,2480.000000,2515.000000,2505.000000,2470.000000,2513.000000,2514.000000,2522.000000,2462.000000,2470.000000,2460.000000,2487.000000,2507.000000,2476.000000,2492.000000,2478.000000,2495.000000,2498.000000,2508.000000,2511.000000,2478.000000,2455.000000,2483.000000,2462.000000,2506.000000,2473.000000,2503.000000,2481.000000,2507.000000,2482.000000,2503.000000,2480.000000,2483.000000,2515.000000,2460.000000,2476.000000,2445.000000,2505.000000,2504.000000,2479.000000,2534.000000,2490.000000,2490.000000,2505.000000,2479.000000,2482.000000,2501.000000,2484.000000,2487.000000,2490.000000,2485.000000,2520.000000,2555.000000,2509.000000,2490.000000,2464.000000,2466.000000,2476.000000,2456.000000,2452.000000,2455.000000,2485.000000,2513.000000,2499.000000,2444.000000,2451.000000,2474.000000,2483.000000,2430.000000,2537.000000,2505.000000,2477.000000,2486.000000,2488.000000,2502.000000,2490.000000,2490.000000,2536.000000,2518.000000,2481.000000,2475.000000,2476.000000,2439.000000,2451.000000,2509.000000,2452.000000,2406.000000,2423.000000,2455.000000,2454.000000,2474.000000,2508.000000,2465.000000,2500.000000,2484.000000,2485.000000,2462.000000,2414.000000,2428.000000,2457.000000,2452.000000,2502.000000,2483.000000,2453.000000,2494.000000,2465.000000,2489.000000,2489.000000,2487.000000,2453.000000,2490.000000,2443.000000,2497.000000,2456.000000,2456.000000,2444.000000,2468.000000,2446.000000,2458.000000,2466.000000,2430.000000,2460.000000,2475.000000,2474.000000,2463.000000,2441.000000,2468.000000,2446.000000,2468.000000,2435.000000,2480.000000,2484.000000,2441.000000,2392.000000,2443.000000,2446.000000,2395.000000,2469.000000,2435.000000,2437.000000,2448.000000,2437.000000,2450.000000,2444.000000,2453.000000,2461.000000,2395.000000,2452.000000,2417.000000,2456.000000,2434.000000,2437.000000,2432.000000,2435.000000,2405.000000,2431.000000,2443.000000,2433.000000,2449.000000,2468.000000,2430.000000,2424.000000,2481.000000,2429.000000,2427.000000,2437.000000,2365.000000,2461.000000,2429.000000,2399.000000,2419.000000,2391.000000,2460.000000,2428.000000,2433.000000,2412.000000,2483.000000,2385.000000,2422.000000,2427.000000,2418.000000,2412.000000,2433.000000,2413.000000,2435.000000,2416.000000,2449.000000,2405.000000,2426.000000,2425.000000,2481.000000,2442.000000,2451.000000,2422.000000,2408.000000,2457.000000,2400.000000,2485.000000,2469.000000,2419.000000,2407.000000,2396.000000,2439.000000,2403.000000,2410.000000,2367.000000,2397.000000,2425.000000,2449.000000,2420.000000,2407.000000,2402.000000,2436.000000,2400.000000,2401.000000,2443.000000,2424.000000,2452.000000,2444.000000,2427.000000,2403.000000,2406.000000,2415.000000,2419.000000,2425.000000,2424.000000,2392.000000,2439.000000,2406.000000,2423.000000,2441.000000,2440.000000,2393.000000,2442.000000,2410.000000,2364.000000,2470.000000,2392.000000,2405.000000,2422.000000,2410.000000,2409.000000,2348.000000,2435.000000,2377.000000,2391.000000,2377.000000,2390.000000,2434.000000,2396.000000,2391.000000,2393.000000,2381.000000,2408.000000,2396.000000,2359.000000,2382.000000,2333.000000,2408.000000,2406.000000,2379.000000,2400.000000,2422.000000,2380.000000,2381.000000,2408.000000,2376.000000,2386.000000,2368.000000,2322.000000,2368.000000,2391.000000,2419.000000,2402.000000,2385.000000,2314.000000,2352.000000,2392.000000,2349.000000,2404.000000,2357.000000,2344.000000,2378.000000,2368.000000,2410.000000,2324.000000,2336.000000,2350.000000,2376.000000,2370.000000,2376.000000,2358.000000,2340.000000,2380.000000,2330.000000,2365.000000,2342.000000,2362.000000,2328.000000,2333.000000,2341.000000,2375.000000,2379.000000,2371.000000,2343.000000,2323.000000,2389.000000,2372.000000,2349.000000,2369.000000,2364.000000,2298.000000,2330.000000,2373.000000,2347.000000,2369.000000,2319.000000,2347.000000,2346.000000,2322.000000,2305.000000,2361.000000,2326.000000,2313.000000,2333.000000,2373.000000,2334.000000,2364.000000,2349.000000,2349.000000,2374.000000,2283.000000,2303.000000,2272.000000,2325.000000,2282.000000,2356.000000,2326.000000,2318.000000,2308.000000,2288.000000,2279.000000,2307.000000,2321.000000,2332.000000,2275.000000,2284.000000,2281.000000,2332.000000,2311.000000,2294.000000,2303.000000,2296.000000,2312.000000,2284.000000,2322.000000,2299.000000,2274.000000,2277.000000,2327.000000,2308.000000,2327.000000,2281.000000,2286.000000,2326.000000,2271.000000,2314.000000,2298.000000,2322.000000,2309.000000,2284.000000,2256.000000,2235.000000,2252.000000,2319.000000,2275.000000,2315.000000,2280.000000,2303.000000,2278.000000,2264.000000,2309.000000,2298.000000,2285.000000,2337.000000,2329.000000,2259.000000,2279.000000,2261.000000,2208.000000,2273.000000,2253.000000,2293.000000,2236.000000,2319.000000,2259.000000,2271.000000,2293.000000,2272.000000,2223.000000,2259.000000,2244.000000,2285.000000,2324.000000,2299.000000,2238.000000,2259.000000,2239.000000,2269.000000,2214.000000,2234.000000,2273.000000,2284.000000,2231.000000,2219.000000,2214.000000,2194.000000,2246.000000,2202.000000,2218.000000,2231.000000,2220.000000,2223.000000,2252.000000,2250.000000,2241.000000,2235.000000,2172.000000,2253.000000,2216.000000,2262.000000,2193.000000,2262.000000,2270.000000,2281.000000,2215.000000,2283.000000,2211.000000,2219.000000,2234.000000,2201.000000,2234.000000,2212.000000,2164.000000,2199.000000,2210.000000,2186.000000,2239.000000,2223.000000,2186.000000,2210.000000,2211.000000,2175.000000,2248.000000,2200.000000,2186.000000,2195.000000,2156.000000,2199.000000,2153.000000,2173.000000,2170.000000,2220.000000,2214.000000,2125.000000,2229.000000,2166.000000,2171.000000,2191.000000,2180.000000,2202.000000,2155.000000,2203.000000,2161.000000,2184.000000,2197.000000,2150.000000,2227.000000,2164.000000,2201.000000,2172.000000,2190.000000,2119.000000,2163.000000,2180.000000,2129.000000,2174.000000,2160.000000,2172.000000,2132.000000,2116.000000,2139.000000,2118.000000,2108.000000,2171.000000,2153.000000,2121.000000,2131.000000,2157.000000,2129.000000,2135.000000,2168.000000,2139.000000,2152.000000,2148.000000,2126.000000,2136.000000,2122.000000,2115.000000,2128.000000,2127.000000,2099.000000,2152.000000,2108.000000,2122.000000,2129.000000,2149.000000,2088.000000,2086.000000,2113.000000,2103.000000,2130.000000,2078.000000,2079.000000,2102.000000,2086.000000,2131.000000,2079.000000,2105.000000,2056.000000,2079.000000,2074.000000,2108.000000,2099.000000,2118.000000,2099.000000,2130.000000,2112.000000,2108.000000,2089.000000,2115.000000,2068.000000,2083.000000,2101.000000,2043.000000,2078.000000,2072.000000,2063.000000,2097.000000,2089.000000,2082.000000,2071.000000,2104.000000,2046.000000,2063.000000,2052.000000,2035.000000,2071.000000,2066.000000,2056.000000,2044.000000,2057.000000,2026.000000,2042.000000,2018.000000,2025.000000,2050.000000,2026.000000,2050.000000,2047.000000,2028.000000,2006.000000,2054.000000,2003.000000,1963.000000,2019.000000,2042.000000,2088.000000,2006.000000,2049.000000,2030.000000,2001.000000,1999.000000,1985.000000,1977.000000,2013.000000,2030.000000,1996.000000,2015.000000,2025.000000,1969.000000,1966.000000,1972.000000,1973.000000,2018.000000,1980.000000,2019.000000,1968.000000,1986.000000,1986.000000,1953.000000,1993.000000,1972.000000

